97.2222222	97.037037	98.5815603	98.989899
96.2025316	94.8717949	100	100
97.3977695	95.3846154	100	99.1111111
98.156682	96.2162162	100	97.8142077
98.173516	96.1748634	100	97.826087
100	92.6315789	100	100
95.8677686	95.7446809	100	99.2366412
96.2616822	95.6043956	100	97.8947368
98.245614	94.9152542	100	100
98.5915493	95.7142857	100	100
96.031746	99.3103448	100	97.0149254
97.8571429	94.8529412	100	99.1304348
99.2481203	93.8461538	98.4375	98.1981982
96.4788732	97.761194	100	100
94.6666667	95.2941176	100	100
97.4576271	94.488189	100	98.8764045
95.7894737	97.3684211	100	98.5507246
98.3606557	93.3333333	100	98.4375
94.7368421	95.049505	100	100
97.0760234	93.5294118	100	100
97.6190476	98.3606557	100	100
97.7777778	100	100	97.5
93.6936937	95.1923077	100	100
95.7446809	94.4444444	100	99.1869919
98.6486486	96.3855422	98.6666667	100
98.3471074	95.3271028	100	97.7777778
98.8372093	96.1538462	100	98.7012987
97.826087	94.6808511	100	96.4285714
100	100	100	98.3050847
98.4126984	97.0588235	100	99.3421053
98.4848485	96.0784314	100	98.9795918
96.1538462	97.0588235	100	97.5609756
98.019802	96.7741935	99.1525424	98.8095238
97.6635514	96.1165049	100	98.6013986
96.7551622	93.3333333	98.7775061	97.4842767
95.5719557	96.6292135	98.9761092	99.047619
97.8902954	96.5811966	100	100
100	97.2222222	100	100
98.8439306	98.3050847	99.4680851	99.2805755
99.1620112	96.4497041	99.2518703	99.6441281
96.9298246	97.2111554	99.6350365	99.5670996
97.752809	98.4536082	100	99.3865031
99.2307692	98.6394558	100	100
100	100	100	100
98.7730061	98.8950276	100	100
100	98.1981982	100	99.1666667
97.826087	96.5517241	100	99.5555556
97.9094077	97.9591837	98.5163205	99.2
93.2885906	98	98.9189189	100
96.1783439	96.835443	98.2954545	99.0909091
98.6111111	96.9465649	100	98.019802
97.260274	96.3855422	98.4455959	97.6744186
96.3235294	97.2789116	100	98.1651376
94.5454545	96.8503937	99.3589744	98.9010989
98.757764	100	99.4475138	97.9310345
100	97.3684211	100	98.75
98.0769231	96.1956522	99.1266376	99.3333333
98.1927711	93.7142857	99.543379	100
44.6428571	46.2184874	48.3870968	46.2686567
52.3809524	46.6666667	34.8837209	26.1904762
46.031746	63.4328358	49.2957746	55.1401869
45.8874459	38.5826772	52.6748971	43.6548223
45.6445993	45.2830189	49.8412698	49.2957746
41.1111111	34.1176471	44.4444444	35.2941176
50	45.4545455	44	43.2432432
49.3589744	44.1717791	38.9534884	44.9275362
54.6583851	46.5277778	45.959596	47.008547
45.5958549	39.380531	47.1615721	51.9774011
40.625	51.3513514	52.15311	44.4444444
39.748954	48.4375	37.2727273	43.3862434
52.0231214	47.6923077	41.4634146	44.7674419
45.9770115	50.6329114	60.6382979	51.6666667
44.2857143	44.2307692	45.7142857	51.3513514
49.2753623	49.5652174	42.8571429	44.5544554
44.9367089	57.5581395	43.3526012	39.6449704
50.9615385	50.2347418	44.6280992	42.4418605
98.4126984	95.049505	100	98.1651376
46.5838509	41.221374	50.3401361	50
42.4	51.754386	51.5151515	41.9354839
49.2307692	43.2835821	49.3449782	46.9879518
46.3414634	57.0247934	47.5083056	46.8899522
48.7394958	53.877551	49.1596639	48.8888889
55.8823529	45.9677419	51.6393443	55.4216867
49.6376812	40.625	51.8394649	49.7607656
61.1111111	58.5798817	57.8125	53.2467532
46.6666667	44.9640288	51.5923567	45.021645
53.3039648	52.3404255	46.9314079	51.010101
36.1702128	42.4528302	50	38.3561644
49.2537313	52.7777778	54.4303797	53.0434783
45.5445545	46.7741935	54.3307087	55.7894737
54.2857143	47.3333333	44.516129	44.3478261
50.5882353	48.4848485	42.8571429	42.4242424
48.5915493	46.9135802	49.5114007	51.25
43.9252336	46.9483568	52.7027027	40
47.8991597	45.7264957	48.4732824	48.3695652
47.5	45.2586207	48.8549618	47.1204188
44.7916667	40.1785714	51.6666667	48.75
59.2592593	60.8695652	52.9411765	29.1666667
46.2365591	51.1363636	50.4273504	46.25
49.382716	45.177665	52.1582734	56.5420561
34.502924	53.038674	50.617284	53.125
53.9473684	55.3846154	45.2054795	44.7761194
49.3273543	45.8515284	55.8394161	48.6363636
47	40.5982906	45.4954955	46.9135802
45.026178	46.7661692	41.9213974	39.3617021
50.3546099	41.4814815	47.4860335	43.8596491
54.4186047	52.56917	42.3387097	51.9148936
35.7843137	44	47.979798	45.4545455
53.6231884	43.4210526	47.7011494	52.5925926
44.6428571	54.4554455	47.2	51.6393443
54.5454545	50.7352941	55.2845528	43.1034483
54.0372671	45.3416149	49.6855346	50
48.6486486	41.0714286	39.7435897	54.3859649
30.2631579	35.7142857	25.7575758	28.5714286
63.7168142	64.8648649	57.6923077	54.3478261
31.4285714	27.2727273	40.9090909	19.2982456
64.2857143	61.1111111	61.7886179	65.1685393
36.9230769	25.2941176	31.5151515	32.4503311
36.9318182	33.1428571	37.2670807	31.7073171
32.2981366	39.3939394	30.1136364	29.8611111
28.125	21.875	28.2608696	34.0740741
19.6217494	21.3270142	17.6972281	25.2840909
72.7272727	83.7837838	84.2105263	90.3225806
32.0987654	32.3529412	38.2716049	45.4545455
28.5714286	21.8181818	21.9178082	26.1538462
30.9090909	8.5714286	32.0754717	27.9069767
70.9219858	67.4242424	68.7943262	58.6206897
61.8181818	54.7413793	64.6788991	61.1111111
70.3947368	71.6216216	74.2690058	71.1711712
74.1626794	70.0251889	77.6572668	77.1653543
65.625	66.6666667	64.556962	62
42.1428571	28.75	42.8571429	19.2
26.3157895	28.3333333	24.21875	22.2222222
25.1572327	31.6770186	26.9461078	37.704918
67.1755725	58.3333333	65.4676259	69.3069307
67.5675676	73.8317757	83.5294118	75.6410256
63.6363636	63.0952381	71.5517241	61.3333333
52.7777778	70	80	93.1034483
14.5945946	12.345679	15.6118143	22.0858896
15.2542373	23.9316239	17.6923077	15.5555556
69.6551724	80.5825243	76.2589928	85.5855856
72.5	74.5945946	77.7292576	73.2620321
63.1034483	62.835249	65.9090909	65.6126482
31.377551	28.5347044	31.9371728	27.3356401
28.5714286	32.5966851	31.377551	33.4394904
67.6767677	63.5	66.5306122	61.9565217
30.952381	31.25	31.7757009	30.5555556
59.6153846	53.9748954	61.1607143	65.2173913
28.8888889	33.3333333	21.4765101	33.6283186
66.6666667	58.1395349	61.0526316	71.7948718
61.5384615	64.4736842	64.4628099	60.326087
28.8888889	31.2977099	25	28.4482759
34.8717949	28.5714286	25.5102041	37.7622378
33.7349398	35.5555556	56.1797753	35.3846154
31.875	37.8531073	34.5549738	29.0780142
59.0909091	63.8095238	65.0406504	70.5882353
45.4545455	22.0338983	34.4262295	30.9090909
64.1221374	62.5	55.9440559	69.4736842
33.8624339	31.7204301	27.6923077	30.952381
27.9411765	32.3076923	28.5714286	38.1818182
29.5918367	32.038835	34.4537815	32.7102804
34.1772152	29.4797688	31.3829787	31.0126582
18.5714286	11.8644068	22.2222222	22.6415094
29.0123457	29.2604502	30.4597701	31.5217391
55.5555556	61.1111111	60	65.7894737
56.7567568	66.9565217	62.1052632	61.4583333
70.5882353	63.9097744	55.0458716	58.1196581
57.6719577	66.6666667	74.1758242	61.2244898
24.0875912	28.6549708	34.2857143	19.6850394
59.245283	54.5112782	50.1872659	64.1509434
61.5384615	60	53.5714286	60
26.5217391	37.2727273	31.5217391	26.7676768
29.8136646	33.1288344	33.6787565	37.037037
59.4155844	57.3529412	62.4641834	65.5172414
96.4539007	95.7264957	100	100
67.4157303	56.3218391	66.6666667	64.4578313
35.7798165	31.25	27.4509804	27.6595745
69.6428571	64.3478261	65.2777778	67.1052632
30.4812834	33.5164835	35.1598174	42.7586207
31.7757009	24.3478261	24.6268657	27.184466
64.7058824	55.7142857	71.0280374	71.0526316
61.1111111	62.3076923	69.3877551	58.9928058
68.3962264	64.7668394	66.9856459	62.1301775
39.4230769	32.0574163	34.893617	37.2222222
67.0967742	69.6969697	68.9265537	66.9064748
30.1587302	26.2237762	26.6318538	31.2030075
27.7108434	11.7647059	25.3333333	18.8679245
24.0963855	14.516129	27.9411765	32.7868852
20.7920792	28.4210526	27.2727273	17.6470588
39.1608392	32.4723247	32.5503356	39.1304348
37.4663073	37.3737374	38.0835381	34.7826087
39.6551724	32.173913	42.1875	44.4444444
14.8026316	13.8983051	14.4578313	16.7832168
15.2317881	13.6518771	14.1566265	16.4912281
17.5257732	16.6666667	17.8082192	23.2323232
33.4951456	29.3478261	36.8644068	39.1304348
38.3505155	38.3697813	37.6760563	39.7260274
14.6067416	18.2142857	16.7682927	14.957265
14.0625	16.6037736	16.2337662	13.1818182
14.6718147	17.1102662	16.0130719	13.1818182
13.8655462	18.1818182	22.3776224	17.6767677
38.9952153	36.7588933	40.9185804	35.8585859
34.0136054	37.9032258	36.4640884	30.5343511
36.9727047	34.4303797	42.6	40.5797101
38.1057269	38.209607	38.1778742	37.0588235
35.5855856	37.7272727	47.6744186	37.704918
80.0904977	78.6458333	76.446281	78.1659389
16.7701863	17.5324675	17.1779141	17.9310345
12.6126126	24.2105263	21.8487395	17.7570093
36.0730594	38.1395349	36.1445783	38.7640449
16.2055336	22.3728814	22.5806452	15.3191489
18.0722892	14.9425287	17.0798898	16.4794007
22.0238095	22.5609756	27.2	24.1935484
12.1900826	14.8073022	18.6792453	17.3626374
40.1098901	39.8734177	40.1129944	38.8888889
13.5897436	17.7985948	16.8297456	19.895288
40.4494382	42.5287356	41.4893617	51.3513514
56	29.6296296	44	50
35.3246753	37.9310345	41.4814815	36.3354037
16.9082126	21.3017751	25.257732	23.8636364
43.8356164	39.4366197	28.7671233	37.704918
19.9513382	19.8492462	24.789916	25.7062147
39.3305439	34.4827586	36.0169492	29.7142857
37.8830084	39.2156863	41.509434	43.1610942
40.4255319	40.5405405	45.0980392	27.1186441
81.5450644	77.593361	80	78.8732394
19.3965517	17.8294574	17.5084175	19.2982456
37.6923077	32.0895522	35.1351351	39.5348837
17.5572519	14.4578313	21.875	12.1621622
14.213198	22.5	16.9354839	21.4285714
38.9261745	39.3034826	44.8692153	33.4158416
66.6666667	71.0526316	67.0454545	61.7391304
64.0718563	63.803681	65.5502392	54.9295775
61.1940299	67.1755725	67.1052632	65.3225806
57.7586207	52.9411765	66.3793103	60.4651163
70.7865169	59.7938144	69.1588785	70.4225352
29.7520661	31.3953488	34.2657343	34.137931
67.3267327	65.3333333	74.3362832	52
82.2580645	63.7681159	58.4415584	62.9032258
24.0384615	26.7605634	28.5140562	24.4318182
58.1818182	59.4339623	61.1111111	61.7647059
31.6666667	28.7671233	29.4117647	31.0344828
61.4864865	64.1791045	65.2439024	67.6258993
64.7773279	55.859375	65.9863946	59.0909091
65.3225806	56.0311284	66.3265306	59.0909091
65.3594771	67.4556213	63.7755102	61.7834395
24.2857143	28.1879195	26.344086	32.5581395
31.25	23.3576642	37.8698225	37.2262774
58.5585586	56.0747664	60	62.1621622
25.3333333	21.8390805	27.9069767	20
30	31.5315315	34.2465753	32.0754717
58.1818182	54.2553191	64.2276423	72.0430108
54.4642857	59.0909091	55.9748428	55.0387597
55.3571429	60.8695652	58.3850932	58.8235294
65.0684932	61.2121212	61.4583333	59.8684211
33.3333333	38.6206897	33.7078652	25.477707
71.875	69.0140845	70.3703704	46.6666667
29.8387097	41.322314	41.8181818	37.1212121
30.0813008	40.9836066	41.3173653	36.8421053
46.835443	52.0710059	48.3516484	39.2156863
41.5204678	43.75	43.4285714	50.3496503
47.4820144	46.9135802	52.4096386	49.6296296
56.6666667	57.2916667	50.3759398	47.7777778
59.3406593	42.4657534	48.3870968	57.5757576
51.3207547	42.0353982	54.1516245	38.7096774
45.8598726	46.8965517	48.75	52.5179856
49.7297297	46.2365591	48.427673	42.0382166
41.4414414	46.4646465	53.5433071	45.7943925
40.9090909	67.6470588	36.5853659	61.5384615
52	43.3962264	46.7213115	41.6666667
47.9452055	43.902439	46.5909091	49.044586
46.2264151	43.8202247	45.3815261	55.026455
36.5482234	37.3737374	42.6724138	35.2564103
49.7142857	55.026455	55.1111111	47.4358974
40.5405405	42.2222222	46.3414634	40
47.3684211	50.8196721	49.4186047	47.826087
61.7391304	49.2957746	47.3684211	42.3728814
44.9468085	43.1693989	48.2666667	51.9553073
37.3831776	38.5365854	38.0952381	29.4392523
36.0824742	57.1428571	54.6511628	50
45.412844	48.1171548	42.9718876	54.4600939
44	45.4166667	48.6988848	58.4474886
51.3274336	43.6090226	48.0916031	56.122449
49.5384615	53.2423208	50.166113	51.0869565
47.1365639	44.5544554	46.4285714	47.5728155
41.1140584	44.7674419	46.0496614	48.0769231
41.0071942	45.1327434	50.625	46.2264151
53.6842105	47.1264368	45.3488372	49.2957746
42.5925926	43.2748538	55.4216867	47.2868217
49.5412844	46.9026549	48.7179487	43.2835821
41.2556054	41.1764706	49.2063492	41.3612565
40.8	56.0283688	47.6190476	50
42.6356589	48.9051095	44.0298507	52.4271845
51.3043478	54.0650407	51.2727273	47.9166667
47.9166667	41.5254237	48	51.4851485
35.042735	47.7477477	39.6551724	57.3033708
45.4166667	50.4065041	43.4108527	45.5497382
47.0338983	48.1012658	50.6024096	42.0792079
43.902439	43.8943894	52.2796353	47.3684211
54.1795666	50.4477612	47.2584856	49.8220641
49.1803279	43	51.9607843	50.6329114
46.9072165	42.3809524	47.3684211	35.3846154
45.6621005	47.9452055	45.703125	44
45.4545455	51.5151515	53.3039648	46.7741935
51	54.7368421	42.519685	46.4788732
46.2427746	50.2564103	53.2608696	51.9685039
52.9032258	47.2027972	48.8505747	51.0460251
41.0404624	48.1927711	51.3368984	47.4025974
42.7230047	40.5982906	43.627451	50
49.6815287	42.1768707	45.7142857	50
50.3225806	39.5833333	45.8333333	49.6124031
44.7552448	46.8916519	42.0180723	39.6303901
44.8398577	46.8401487	41.6012559	38.3817427
45.9340659	41.9134396	46.4143426	49.103139
47.4358974	40.5797101	53.2544379	54.1284404
50.4950495	42.4242424	49.2753623	39.4230769
58.9285714	41.4634146	52.2875817	48.6725664
54.7770701	51.7482517	51.2345679	46.9565217
37.007874	36.2676056	40	46.0629921
49.2682927	46.2414579	47.50499	46.2603878
41.7777778	43.4977578	49.4339623	44.6153846
43.0769231	46.1538462	44.9275362	46.9798658
50.3184713	39.6103896	45.8598726	42.9752066
47.6190476	52.0958084	52.7363184	54.1899441
50	47.8787879	49.1428571	45.890411
46.1988304	48.6631016	45.7711443	50.9433962
35.5704698	35.8974359	43.1137725	43.0555556
51.0121457	44.9438202	48.409894	42.1052632
40.6862745	48.4018265	46.5437788	44.1025641
39.1304348	43.3333333	38.6363636	54.1666667
42.8571429	52.2727273	37.2881356	44.6808511
42.8571429	52.2727273	33.8983051	44.6808511
46.1538462	49.6	55.9210526	52.6785714
93.220339	96.2962963	100	97.5903614
43.8202247	47.3895582	47.5285171	54.5045045
40.8866995	42.4390244	43.1451613	47.5
97.9591837	94.4444444	100	100
99.2125984	97.6377953	100	100
95.0980392	98.7012987	100	100
97.9381443	97.1962617	100	100
93.3333333	93.3333333	100	100
38.8349515	40.8333333	36.4238411	56.8807339
47	42.8571429	53.1746032	44
98.7341772	95.6043956	99.0740741	97.8947368
98.5915493	95.2941176	100	100
40.9395973	54.3307087	45.1612903	51.6666667
44	50	43.0656934	51.5151515
40.1639344	34.5238095	54.9450549	45.5445545
46.4396285	51.2578616	47.1264368	50.929368
38.2978723	48.5714286	44.4444444	44.6969697
47.2222222	48.2517483	40.8045977	39.3700787
39.3103448	48.1203008	54.3046358	58.7155963
46.4646465	35	51.6129032	46.0784314
45.5172414	46.3235294	43.715847	45.5882353
53.4883721	46.7391304	43.8356164	51.4285714
47.2972973	51.4644351	47.8431373	47.2081218
43.75	44.4976077	36.5079365	52.2988506
60.4651163	40.5405405	41.8604651	61.7647059
100	94.4444444	100	100
93.2692308	98.1308411	100	100
92.9411765	93.1818182	100	100
94.2857143	93.5483871	100	100
97.3913043	96.5217391	100	99.0909091
97.2477064	96.3636364	100	100
98.8764045	95.2380952	100	98.630137
97.2727273	97.8947368	100	98.8372093
95	98.630137	100	97.4025974
91.4893617	93.1818182	100	100
91.3043478	93.0232558	100	100
43.75	54.1666667	37.5	56.7567568
38.8059701	47.4576271	45.3488372	46.4285714
48.2071713	56.3981043	47.7941176	46.8599034
42.0634921	48.9932886	50.5208333	53.4351145
50.5050505	47.2081218	48.6725664	47.7777778
50.887574	45.8064516	45.3703704	54.1353383
40.2234637	49.5412844	49.7777778	49.4505495
44.2307692	49.6124031	52.7472527	49.3975904
44.2982456	45.1282051	40.2298851	47.6683938
41.3333333	43.1818182	42.4528302	42.5
48.1927711	48	46.8926554	47.2
46.8401487	46.4539007	51.1784512	54.0650407
47.260274	45.3900709	45.4545455	43.5185185
44.1176471	45.323741	54.9707602	37.8947368
53.3613445	43.9393939	46.7741935	53.6480687
44.3298969	46.1187215	50.7389163	52.8735632
48.4693878	53.6363636	46.2184874	54.3209877
45.4054054	53.4391534	47.2527473	52.4193548
52.5	51.1235955	57.9207921	48.5549133
36.5217391	50	44.6153846	46.1538462
54.4117647	44.9541284	44.9579832	46.6257669
50.929368	52.5179856	52	49.0196078
46.9879518	51.0373444	49.2537313	38.0434783
43.9393939	44.3661972	54.1401274	57.6271186
52.2222222	53.2608696	48.1481481	44.047619
38.4615385	54.6218487	37.4301676	47.6635514
43.2692308	45.1515152	53.9548023	46.5116279
45.990566	49.1358025	44.742268	46.3126844
35.5421687	43.4343434	50.5376344	38.2352941
53.4653465	31.9444444	55.2631579	55.8139535
45.5284553	49.5652174	47.0198675	51.9230769
43.1654676	47.5524476	52.6666667	46.2184874
48.3253589	46.8292683	44.0860215	52.9411765
41.6243655	45.1428571	47.1962617	47.1204188
47.7099237	45.8598726	46.9055375	49.3562232
45.4545455	40.1826484	42.7561837	48.4693878
54.3209877	47.3170732	42.3963134	42.1621622
44.0677966	48.6486486	45.8015267	55.8823529
46.835443	45.4545455	48.2758621	53.0864198
46.9387755	45.0171821	47.4254743	43.8202247
49.7206704	41.7647059	50	49.3421053
40.9090909	53.164557	41.9354839	42.3076923
54.5064378	45.3038674	52.4752475	46.7032967
45.3038674	47.6190476	48.9473684	50.4504505
41.1347518	50	41.2903226	51.2195122
44.1860465	43.1578947	50.2325581	47.6510067
43.6619718	42.5675676	43.452381	36.1111111
44.6902655	44.1666667	50.6224066	43.4782609
45.5384615	41.9014085	55.625	51.4285714
45.9090909	51.0288066	42.3664122	50.7692308
44.3181818	40.3614458	52.4064171	46.2068966
56.3380282	51.3888889	70.9090909	39.3442623
47.6973684	50.8417508	53.6050157	48.5943775
41.9847328	50.7042254	53.7878788	55.5555556
45.2736318	49.7326203	53.8461538	44.8275862
38.8059701	44.549763	45.7983193	42.7083333
43.3224756	47.0790378	48.6111111	48.3516484
41.7355372	42.1276596	42.0849421	45.7399103
43.8016529	52.2123894	55.7142857	50.5154639
46.5020576	50.9090909	46.641791	50.2439024
46.4435146	46.8503937	45.6273764	48.1132075
50.9615385	49.1071429	51.0791367	51.5151515
51.417004	49.5535714	50	47.5555556
44.047619	46.4362851	48.5659656	55.942029
52.9411765	40.6504065	38.1355932	40.7894737
55.2845528	59.0551181	48.5915493	50.8928571
43.537415	49.6932515	55.4285714	45.9016393
42.0485175	45.7142857	49.0521327	47.7203647
36.1904762	47.7777778	46.3414634	44.0677966
42.4460432	40	45.6521739	51.3274336
49.5327103	44.0828402	44.9315068	47.5694444
41.6438356	41.9178082	39.2935982	43.5435435
46.5587045	47.1518987	54.1218638	48.9082969
52.887538	43.3701657	53.8659794	51.2367491
49.2822967	42.5339367	42	47.9532164
46.4150943	51.2820513	48.4962406	55.6053812
58.6206897	58.5714286	58.5365854	44.6428571
46.8571429	37.9084967	52.284264	42.5531915
52	50.4032258	40.3508772	47.0588235
45.0867052	45.5621302	47.029703	37.0588235
49.0421456	48.2490272	45.1612903	47.4885845
59.6491228	68.0555556	74.1176471	55.5555556
25.2873563	36.7346939	32.4074074	30.3797468
31.9230769	29.338843	31.1188811	28.9340102
38.6554622	37.6068376	27.4509804	41.8918919
64.2105263	63.7168142	62.6373626	57.3770492
29.281768	30	28.6363636	31.496063
28.2758621	29.2899408	27.2727273	29.4776119
34.0314136	37.8109453	31.122449	33.1491713
67.0454545	70	65.648855	62.1621622
70.3910615	60.5405405	64.0552995	59.4771242
20.9459459	22.4242424	26.984127	22.556391
63.6363636	58.9147287	65.248227	57.4257426
28.0991736	35.1724138	32.6797386	34.0206186
62.1848739	62.1890547	68.627451	67.4757282
56.8047337	56.3953488	66.2251656	65.3543307
57.0247934	57.1428571	72.2627737	66.9902913
31.9672131	28.7833828	31.6353887	34.6570397
24.4897959	34.5794393	30.0884956	42.5531915
59.7222222	58.4474886	66.1290323	58.7301587
55.3488372	57.8199052	65.9292035	67.114094
66.0377358	66.8367347	67.3170732	66.442953
65.2173913	54.2857143	60	75
59.0361446	58.8235294	67.6470588	68.2170543
64.4230769	58.7155963	71.3043478	70.5263158
59.5166163	56.9230769	58.8383838	64.0151515
54.3859649	53.8011696	67.2985782	61.8705036
54.4378698	53.8461538	67.1641791	62.8571429
61.3402062	62.9310345	63.2911392	58.974359
30.8333333	27.3584906	31.25	30
65.3333333	71.7391304	72.6256983	72.2222222
36.32287	35.2941176	27.0642202	40
58.7719298	62.5	63.0872483	55.9139785
64.2424242	54.1935484	72.3404255	60.5042017
60.3960396	69.3693694	62.406015	63.7254902
37.9310345	33.8235294	40.5405405	26.4705882
63.1768953	63.4241245	66.2460568	66.9603524
30.3703704	36.6666667	42.3423423	37.7358491
66.2337662	52.2292994	58.7878788	62.6760563
65.625	52.7950311	59.8837209	62.3287671
42.8571429	35.2941176	38.372093	39.6551724
63.4020619	56.7567568	60.5769231	60.625
69.6969697	66.6666667	64	46.1538462
67.7966102	64	62.3188406	77.5
31.2757202	32.1285141	33.4782609	32.6829268
57.5163399	65.5629139	68.0473373	73.3944954
29.1666667	33.8797814	31.5151515	29.1338583
29.8039216	30.5970149	35	30.7692308
66.2116041	67.6870748	70.8333333	68.7804878
24.21875	30.5785124	31.6129032	28.1818182
29.5454545	31.0344828	29.2397661	29.8387097
60.6635071	62.254902	65.6126482	62.2857143
27.3584906	22.7027027	34.4978166	35.483871
27.5700935	24.3093923	34.562212	34.8101266
26.9230769	29.1666667	26.744186	26.5306122
61.6326531	67.3228346	68.370607	64.0186916
25.433526	27.5641026	33.8235294	27.1929825
69.3333333	70.6214689	65.0273224	64.8
31.2236287	27.2727273	22.5409836	27.9792746
67.3076923	70.3125	66.6666667	76.7857143
30.726257	23.5632184	28.7234043	28.2442748
23.255814	39.4736842	47.5	40.5405405
66.3551402	56.779661	64.9635036	60.2272727
30.4932735	31.3559322	31.7180617	28.6458333
27.3809524	18.1818182	42.8571429	31.4285714
29.7029703	26.3736264	33.0578512	28.5714286
59.1194969	68.3168317	71.2707182	65.0887574
61.509434	60.311284	64.9446494	63.255814
63.1768953	61.9047619	66.552901	59.1666667
73.5849057	60.6060606	66.3865546	64.137931
62.1118012	59.8639456	66.8874172	67.4698795
59.4713656	64.1025641	58.1818182	68.75
59.6491228	64.5299145	58.1081081	69.0721649
58.5106383	64.379085	62.9283489	60.6694561
64.4808743	60.3174603	67.1232877	60.7142857
29.7468354	30.7017544	27.2727273	24.7619048
32.2033898	31.372549	25.4237288	43.4782609
19.1176471	26.984127	26.3803681	32.7102804
34.3283582	39.1304348	39.7058824	24.2424242
29.1187739	32.7586207	33.5504886	31.0185185
21.1382114	29.1666667	24.1610738	24.5762712
33	29.5454545	27.3062731	33.1707317
61.1940299	72.7272727	71.8446602	76.9230769
30.9782609	33.1210191	33.5164835	35.6589147
25.6410256	26.4705882	32.2033898	31.7073171
67.3684211	63.3333333	68.1818182	60
34.1463415	25.7575758	23.9583333	20.6349206
56.462585	60.7361963	65.9217877	64.6153846
60.1731602	60.4444444	67.0995671	63.9053254
61.6438356	56.2790698	60.5691057	68.3962264
27.5862069	22.1052632	25	24.7191011
23.3333333	28.9473684	36	33.3333333
31.9727891	30.4093567	34.6733668	39.0977444
32.7868852	32.3943662	25.4545455	40
28.7671233	37.6811594	32.5301205	37.704918
62.5954198	74.21875	67.8321678	70.1754386
72.2222222	66.6666667	60.7142857	45.7142857
60.9090909	61.9469027	65.7587549	58.7939698
65.0684932	61.5384615	62.8834356	63.740458
65.3409091	60.8910891	64.3979058	58.2822086
66.2650602	65.2542373	61.1650485	64.7058824
63.1313131	51.1111111	60.7305936	55.2631579
53.271028	63.1578947	66.6666667	61.4285714
35.3488372	27.4725275	29.739777	27.2251309
63.4408602	64.021164	69.1542289	61.1842105
63.28125	54.8611111	62.4087591	57.6779026
46.6666667	24.137931	27.5	21.7391304
40.7407407	36	43.1818182	28
62.7118644	63.2352941	59.0277778	62.962963
23.0769231	20.2531646	23.9130435	26.1904762
26.6666667	35.2941176	24.3902439	29.4117647
52.4390244	63.3333333	60.8695652	50.8196721
61.4814815	60.3053435	64	60.9022556
60.6557377	64.4444444	60.2649007	60.7692308
59.2274678	60.9756098	62.3076923	59.4594595
29.1666667	32.5301205	25	25.3012048
32.3529412	38.7096774	38.2352941	39.7260274
67.3267327	62.601626	70.9677419	68.0412371
27.8761062	27.9620853	27.1929825	27.1794872
35.7142857	26.8041237	29.6296296	25.6410256
38.6363636	22.3529412	25.5319149	37.1794872
62.962963	57.5949367	60.4790419	59.3103448
65.8064516	66.4835165	71.641791	72.1804511
61.2244898	66.6666667	58.1818182	65
35.7142857	33.0935252	27.8911565	31.7307692
19.6581197	25.78125	19.3103448	20
58.7155963	53.1531532	63.1578947	63.4146341
29.0322581	28.2828283	37.8378378	33.8028169
28.3783784	33.8842975	27.8787879	34.3065693
37.3239437	36.2318841	29.5857988	35.5932203
30	19.6428571	28.0701754	28.5714286
57.8571429	57.0342205	66.0839161	69
66.6666667	65.8031088	66.9811321	61.9354839
32.8571429	27.2727273	29.4736842	30.875576
71.0144928	68.3333333	66.1538462	63.2653061
27.8225806	31.512605	28.968254	32.2033898
31.0344828	31.3333333	29.0123457	29.8387097
28.4090909	26.8041237	31.25	38.0952381
28.6363636	35.9223301	40.1960784	29.4117647
60.8294931	53.8834951	65.8878505	59.1715976
31.6091954	32.8042328	33.4951456	39.7350993
47.1264368	56.3829787	68.4782609	63.7362637
31.0734463	30.1282051	35.0574713	33.0882353
31.8518519	25	27.4336283	33.3333333
57.6923077	60.5691057	66.5427509	64.8241206
66.2601626	60.6299213	60.8527132	65.8986175
26.3736264	27.1375465	31.147541	31.0185185
51.7647059	62.8205128	58.4269663	80
61.7486339	65.6565657	67.4208145	68.8741722
63.3333333	62.633452	66.5454545	68.018018
61.4886731	56.445993	63.8728324	68.641115
60.326087	61.1111111	65.0442478	68.902439
28.0542986	28.7804878	33.4710744	29.1208791
28.1690141	34.0909091	37.9084967	34.375
37.1621622	37.1900826	37.8571429	33.6448598
32.1428571	22.0183486	26.1538462	27.7777778
66.3865546	62.3188406	63.125	69.5067265
64.4067797	62.992126	65.648855	52
64.5502646	64.5833333	67.9069767	65.1006711
36.440678	29.5454545	35.5371901	31.372549
68.0981595	61.5942029	63.3333333	57.8125
65.8536585	60.7407407	69.9346405	65.9574468
33.8709677	22.0588235	27.2727273	28.5714286
23.1638418	28.4263959	29.3814433	25.3521127
19.2307692	22.5806452	16.6666667	26.3157895
63.2352941	69.2307692	64.7058824	50
57.5757576	61.7834395	65.8959538	66.025641
63.7037037	59.3939394	67.5675676	66.6666667
61.1111111	63.4615385	72.8813559	67.2413793
59.3495935	60.1769912	68.5714286	64.516129
50	66.1538462	61.6438356	58.3333333
63.197026	60.3375527	62.3966942	59.5628415
29.281768	31.5789474	30.4347826	21.9653179
32.8358209	30.7142857	25.4658385	26.2711864
69.4300518	69.2307692	69.5121951	53.125
64.3312102	60.5442177	65.497076	60.4316547
68.6567164	61.8181818	60.2564103	70.4918033
56.6037736	50	68.4615385	65.6862745
32.2580645	33.4821429	30.1587302	33.1521739
36.1702128	36.3636364	41.025641	35.0877193
61.8453865	61.5189873	63.6155606	58.7692308
64.2105263	71.3592233	72.3004695	61.9354839
57.6	54.2253521	59.1463415	50.8928571
56.8	54.2253521	58.7878788	50.8928571
30.8641975	33.7662338	33.7078652	26.3888889
26.5536723	22.6666667	30.8900524	29.1390728
37.6811594	28.8043478	43.5897436	40
37.7777778	33.3333333	30.2083333	34.8484848
69.047619	61.0169492	64.3410853	65.9090909
29.5454545	32.6530612	24.1071429	27.7108434
37.4449339	33.9366516	30.0380228	29.2134831
60	59.6491228	59.8591549	69.6969697
21.5909091	30.8823529	35.1648352	31.7073171
55.2631579	63.6363636	56.0747664	65.3333333
47.9166667	40.8163265	61.1940299	64.2857143
49.382716	48.0861244	46.0784314	46.9026549
49.8432602	48.5639687	48.7562189	51.0344828
44.3965517	44.7876448	48.0916031	45.7627119
44.7368421	44.1509434	46.7811159	47.2906404
47.2727273	45.6375839	50	48.7068966
42.8169014	35.4545455	45.2054795	45.7236842
45.7777778	43.9130435	46.1267606	48.1818182
50.6756757	42.7419355	52.2292994	42.0168067
52.238806	48.3180428	40.5555556	39.2727273
42.6966292	40.6593407	46.8599034	53.7931034
52.7918782	50.990099	57.9831933	47.0930233
47.4285714	49.4186047	47.761194	47.0198675
52.0325203	51.4492754	45.1851852	40.7407407
49.4809689	52.6690391	51.6447368	49.2125984
46.8085106	44.7826087	52.8169014	51.0121457
35.6020942	43.3628319	42.8571429	33.5526316
50.7518797	49.4736842	49.833887	51.7509728
46.2962963	41.3793103	40.2173913	50
62.9310345	41.7808219	43.5582822	57.2727273
45.6338028	51.2195122	47.606383	46.3768116
43.7100213	50.5376344	44.587156	44.3627451
43.4628975	53.6363636	47.0948012	52.6315789
46.8634686	46.7857143	43.1095406	44.1666667
39.2857143	54.9295775	40	43.2432432
49.7237569	50.5319149	51.8134715	55.0898204
57.3770492	41.5204678	50.2923977	48.7394958
48.1481481	40.625	54.2168675	47.2727273
47.4576271	40.7272727	47.3372781	42.9787234
47.7477477	55.4455446	51.8518519	47.5609756
53.1914894	41.9753086	42.7083333	54.6666667
50	51.9756839	52.5280899	58.1481481
52.972973	45.6790123	46.4646465	44.8979592
64.7058824	30.7692308	52.3809524	52.173913
51.9572954	41.5162455	40.9090909	46.9026549
42.7884615	38.6046512	50	45.1612903
49.8113208	54.770318	44.4444444	43.9130435
53.2894737	46.6666667	57.3770492	61.1650485
42.1052632	38.172043	42.1348315	52.2875817
50.5319149	40.6542056	43.8679245	39.8809524
45.7489879	51.6129032	54.4	47.4178404
47.5524476	44.9640288	44.047619	48.7804878
39.2857143	39.7515528	50	54.8148148
51.9230769	44.7368421	51.7241379	46.3917526
49.2248062	51.4492754	56.0553633	52.3012552
51.0204082	48.2352941	43.75	47.826087
51.5873016	43.8461538	48.4848485	51.3761468
48.7603306	46.031746	50.5928854	49.5145631
46.1538462	46.6019417	53.7190083	50.5376344
43.1746032	41.754386	49.8360656	49.7975709
52.5862069	44.4444444	54.676259	39.2156863
44.4444444	43.030303	53.8043478	54.109589
52.8089888	51.4619883	50.2923977	48.3660131
50.5617978	52.3584906	41.7085427	45.2380952
42.1568627	46.7741935	49.339207	45.3416149
40.8921933	40.4109589	40.6153846	32.2175732
51.7045455	53.5483871	53.8961039	42.6356589
47.0989761	46.8152866	47.2677596	44.486692
44.6428571	40.8163265	47.4576271	40.4761905
41.6666667	48.6486486	52.0325203	37.5
47.1590909	49.112426	50.802139	47.6923077
41.0071942	57.0422535	50	49.0740741
50.7142857	48.5714286	51.0948905	49.137931
47.4358974	50.4	43.3070866	42.2222222
43.0327869	39.3162393	43.9688716	45.9459459
41.9642857	36.492891	42.3728814	43.6046512
41.0958904	52.0467836	48.5380117	49.3333333
47.9508197	46.4	47.7124183	43.2900433
45.3781513	41.2639405	53.8461538	43.8423645
48.2758621	44.6107784	50.1347709	41.6666667
24.7933884	21.2765957	19.047619	25
51.3605442	44.4444444	51.9287834	50.9009009
51.9148936	55.1111111	48.627451	44.3925234
57.0093458	47.1910112	44.4444444	49.3150685
45.5958549	51.6746411	47.7178423	44.7058824
43.1578947	48.3333333	44.8275862	52.6315789
49.3506494	45.4545455	47.2375691	47.9166667
47.3913043	43.495935	45.0980392	56.3981043
39.5939086	44.9074074	49.2248062	45.8536585
45.505618	46.9945355	54.0229885	53.5483871
50	48	51.9685039	46.2962963
46.2025316	52.5547445	54.5454545	44.9152542
36.3636364	50.5319149	42.9824561	47.2222222
53.1428571	45.1851852	47.1428571	48.1481481
46.4285714	45.7575758	48.0818414	45.6834532
42.0454545	38.2513661	38.4615385	46.6666667
41.8250951	50	46.7353952	46.9767442
44.1860465	49.7005988	47.1794872	50.3759398
39.5833333	47.8723404	50.3875969	40.2173913
40	50	34.7826087	44.4444444
58.0882353	48	53.5211268	44.2307692
52.8037383	48.8151659	50.8833922	48.1132075
42.7419355	30.7692308	47.2	30.6818182
42.3076923	37.0558376	38.647343	42.7027027
56.9343066	34.4	55.7251908	44.6428571
51.4285714	46.835443	55.7692308	46.5277778
42.0168067	47.4226804	53.75	42.5742574
51.0510511	46.2264151	45.1086957	42.2382671
45.6989247	47.2049689	50	48.4615385
40.776699	52.6315789	46.0176991	46.4285714
53.5211268	50	53.75	52.5423729
46.0674157	40.4580153	47.7477477	42.2222222
53.75	28.0487805	54.6511628	49.0566038
41.8918919	29.5774648	47.6190476	50
45.9459459	39.2592593	44.1860465	50.8928571
41.5584416	41.7061611	48.8636364	45.8646617
53.4883721	37.755102	47.0588235	45.3333333
52.2727273	36.6336634	47.1153846	45.3333333
58.3333333	48.2142857	48.6486486	50
48.7804878	54.8387097	50.3703704	45.4545455
50.6024096	45.1219512	35.4545455	49.1803279
40	50	57.4468085	41.6666667
45.1612903	47.1698113	44.4444444	60.6557377
24.4444444	41.509434	41.6666667	47.7272727
39.6825397	29.8387097	43.4782609	55.1724138
51.3274336	52.1551724	45.4183267	44.198895
49.6	44.6280992	52.2522523	48.1818182
48.0769231	41.9354839	46.1538462	39.8148148
46.835443	52.3255814	43.5897436	27.3972603
40.7407407	59.4936709	51.0869565	55
68.0232558	63.9175258	62.0689655	65.6716418
34.0136054	41.9354839	40.3508772	50.4
31.8537859	32.9268293	34.0611354	34.4262295
56.7073171	69.5906433	59.7701149	58.3941606
61.7250674	60.8801956	62.9107981	60.0550964
60	70.8333333	80	38.8888889
31.2	25.3164557	33.7579618	32.5396825
38.6792453	31.7307692	31.5789474	44.2622951
32.4786325	33.5766423	38.7755102	34.1176471
73.5849057	64.5833333	63.7931034	72.5490196
25	27.9411765	28.7878788	30.7692308
29.3650794	36.8	38.9312977	24.742268
58.8235294	57.8947368	73.9583333	63.7362637
32.2869955	31.1627907	27.6497696	32.7272727
34.7826087	29.9065421	34.9056604	30.1075269
24.1935484	25.8823529	36.4705882	27.6923077
64.7058824	69.6969697	60	68.3544304
59.0277778	63.2258065	64.5502646	63.0434783
60.9271523	63.3540373	60.199005	68.0327869
44.8	30.952381	35.4166667	38.5185185
65.7458564	64.9122807	58.5	66.2068966
66.8269231	67.2330097	70.2882483	63.4730539
65.6108597	59.2920354	65.2985075	60.1123596
76.7676768	70.8860759	70.1923077	64.0625
55.5555556	68.907563	62.5	69.6969697
61.003861	62.0817844	63.0769231	61.0328638
57.2519084	58.8652482	61.2021858	60.5263158
24.6753247	29.5302013	26.5060241	25.78125
22.7848101	30.9352518	28.313253	29.6875
60.5095541	61.9565217	63.8297872	56.557377
62.3574144	61.9771863	64.3109541	65.9498208
64.3835616	64.028777	67.3913043	62.1722846
24.4791667	32.3809524	27.1604938	34.1463415
30.7692308	36.1445783	32.3232323	35
36.1445783	31.8681319	24	20.9677419
68.8888889	60.2409639	66.9950739	56.7164179
33.75	30.4878049	28.6516854	27.6315789
82.3529412	54.5454545	56.5217391	56.25
67.7419355	65.9793814	58.5585586	56.25
53.1380753	62.8318584	68.641115	60.4743083
64.4194757	64.4897959	60.2996255	66.6666667
34.1085271	31.7829457	25.9036145	24.3697479
31.6831683	33.3333333	30.7692308	31.1688312
65.4109589	61.9047619	65.4434251	67.1755725
32.4786325	29.9212598	34.7826087	21.1009174
64.9056604	69.0140845	70.6896552	61.025641
38.8888889	32.5242718	32.7272727	25
33.7837838	36.6666667	38.3838384	23.6363636
31.0606061	32.6923077	33.8235294	34.5454545
33.5106383	34.8571429	32.972973	31.2883436
58.7677725	62.371134	67.5675676	65.2694611
61.9834711	65.8986175	63.3451957	64.6017699
33.0508475	24.5033113	27.8911565	27.9279279
26.5957447	24.7706422	23.364486	24.7058824
37.5838926	36.5269461	34.4827586	44.516129
63.0769231	59.5890411	60	61.8320611
61.627907	62.3287671	73.4939759	67.9487179
27.9661017	27.6422764	35.6589147	33.3333333
60.8247423	73.3333333	65.9574468	67.5
60.4166667	73.3333333	65.625	67.5
29.7619048	34.5	29.6875	32.2580645
23.9520958	35.6321839	34.6153846	25.4098361
61.0778443	60.3448276	73.964497	66.4556962
63.6075949	60.5678233	62.0689655	64.1114983
61.627907	64.7727273	73.015873	69.1176471
38.245614	39.4039735	36.6391185	29.8181818
26.984127	31.1594203	32.0512821	35.8333333
65.8730159	54.3103448	66.9014085	64.8648649
26.4705882	16.3461538	18.8118812	24.1758242
25.2427184	16.5048544	18.8118812	24.1758242
59.0361446	47.2727273	58.8785047	52.4390244
63.6842105	61.7346939	62.6794258	71.2041885
25.8064516	25	31.8936877	30.4932735
71.5	65.8823529	67.5	62.2641509
62.2222222	60.3603604	63.9455782	63.8888889
50.3355705	65.0793651	57.9487179	63.0573248
62.7777778	59.6153846	61.3953488	62.5766871
57.6719577	65.8163265	73.9130435	63
57.6190476	65.3153153	59.07173	61.7486339
66.8674699	58.5034014	64.021164	61.8705036
23.5714286	35.4330709	37.1621622	37.2340426
35.5704698	29.5857988	40.5594406	40
31.8181818	20	38.4615385	43.75
20.1680672	15.4411765	19.0082645	12.9310345
29.4736842	27.7777778	15.8878505	25
21.7391304	18.9189189	20.3703704	22.2222222
65.3992395	61.0294118	68.8644689	61.7647059
33.7899543	36.9668246	33.1950207	38.8535032
24.6153846	21.9387755	31.6326531	35.2941176
29.1304348	29.6153846	21.6216216	26.9005848
67.8899083	63.9097744	71.1409396	57.4712644
66.8393782	63.583815	68.7782805	67.5675676
69.9481865	66.1764706	65.7276995	63.8418079
28.6764706	35.0318471	25.8823529	26.3565891
29.1338583	37.0689655	27.9661017	34.5132743
57.3333333	65.4205607	59.8802395	62.8571429
54.5454545	56.097561	53.6723164	56.0344828
66.4473684	63.4328358	67.7966102	70.6349206
28.358209	35.1851852	27.4509804	29.8507463
34.8258706	27.5423729	32.9501916	37.3684211
31.4136126	30.6358382	31.372549	27.1523179
59.6774194	60	66.1417323	60.8247423
60.1626016	59.6774194	66.1290323	61.0526316
64.2156863	56.25	56.4853556	57.5757576
37.8378378	55.5555556	63.4615385	75.6097561
57.6719577	60.6481481	62.6213592	62.0481928
30.5164319	30.2564103	33.3333333	34.5454545
56.3106796	63.9175258	72.7272727	73.1343284
58.8785047	64.1304348	62.3853211	58.4415584
53.5353535	58.9473684	57.8231293	52.1367521
58.3333333	66.3157895	64.1666667	69.3877551
52	58.3333333	56.25	63.1578947
61.878453	60.4278075	69.5	65.9863946
58	62.5	66.3716814	62.7906977
33.3333333	28.6585366	27.388535	35.2697095
33.3333333	35.2941176	32.4468085	32.8671329
59.0361446	60	64.4578313	61.1464968
25	31.884058	28.0487805	22.4358974
60.2272727	60.2150538	61.0619469	67.2
60.8695652	57.9545455	67.4033149	59.6774194
38.0952381	29.1666667	20.9677419	39.2857143
59.6273292	55.5555556	66.8421053	64.7058824
71.4285714	66.1538462	61.7647059	50
65.3333333	65.4008439	63.4328358	67.7419355
27.8106509	36.4864865	36.9942197	25
57.2815534	61.4035088	60.3603604	64.556962
25.1748252	24.0506329	36.3636364	22.9007634
49.382716	60.8695652	60.5633803	60.7843137
69.53125	58.1395349	60.6896552	62.6168224
30.7017544	36.4485981	37.3913043	27.2727273
28.9473684	31.0756972	26.4150943	31.8181818
32.5925926	31.9672131	37.414966	31.8584071
36.5384615	35.0230415	33.3333333	22.2222222
32.038835	34.5177665	32.2580645	33.7142857
60	58.974359	57.4468085	64.0718563
58.5635359	51.2345679	58.5253456	60.5442177
35.1851852	38.4615385	40.7738095	35.5555556
61.1320755	55.6451613	58.1818182	55.6603774
53.5612536	58.9285714	58.5427136	60.8280255
37.5510204	39.0625	36.9905956	42.7983539
38.1578947	36.0406091	34.8360656	32.972973
23.3695652	29.4392523	35	31.4285714
34.5833333	30.3482587	33.7837838	32.7586207
26.8240343	31.7535545	32.2896282	36.8421053
13.6842105	28.2352941	38.7755102	32.8947368
33.6065574	23.1343284	34.8101266	33.0645161
24.0384615	30	20.3539823	24.7311828
27.1676301	30.2469136	24.1573034	29.1666667
67.2897196	64.2276423	61.3445378	64.3678161
27.1317829	31.2883436	32.2368421	40.1515152
62.4113475	64.7887324	59.7484277	62.7659574
62.1212121	61.6161616	61.4285714	65.7534247
33.1521739	31.122449	27.2727273	38.0681818
40	51.3513514	57.5	56.6666667
26.1437908	35.7142857	41.25	40.8333333
67.96875	66.6666667	69.8630137	65.3225806
26.519337	32.5443787	29.4117647	36.6013072
25.984252	24.6031746	22.1428571	34.9514563
54.8387097	61.4035088	75.862069	70.4545455
68.1967213	64.6687697	68.3284457	63.6690647
40.9638554	39.8963731	44.3113772	38.3458647
52.6946108	52.3809524	42.7906977	43.9306358
44.1087613	47.1380471	53.8461538	44.488189
50	46.8992248	46.0567823	44.0944882
44.4852941	51.6483516	48.7804878	49.7816594
43.4285714	43.1472081	51.5837104	41.8181818
41.5730337	46	50.1730104	53.0172414
45.1388889	48.4240688	48.2288828	47.8547855
41.7910448	50.5882353	44.4444444	49.2063492
44.5859873	48.4375	49.068323	48.7603306
47.7876106	50.9433962	47.8947368	45.6928839
45	40.6153846	47.2826087	43.4027778
50.8849558	40.3361345	48.9451477	49.339207
38.8888889	46.4285714	33.3333333	46.875
47	52.6845638	45.2631579	47.0588235
50	43.2432432	46.25	49.2307692
39.5348837	47.3282443	47.2413793	51.3043478
44	55.5555556	51.1627907	55.1724138
48.5549133	49.5192308	47.9638009	55.0724638
55.4216867	50.6097561	57.1428571	46.5277778
46.3636364	47.5	43.6781609	47.7419355
43.6842105	38.317757	45.2488688	43.2989691
44.488189	48.9361702	45.4166667	50.5617978
48.4978541	43.2773109	45.8167331	50.2304147
24.824356	21.291866	23.0769231	23.2375979
36.4640884	42.8571429	37.9679144	43.902439
49.0196078	36.3636364	44	64.8648649
55.5555556	54.1984733	37.1794872	49.6
48.3333333	54.4117647	52.5	44.8275862
32.7731092	28.3185841	27.8350515	21.686747
56.2043796	59.1549296	53.0612245	62.5
61.6113744	70	63.6042403	66.8202765
32.3432343	28.0373832	30.9859155	28.1588448
57.1428571	57.8313253	55.7894737	61.5384615
30	25.8474576	29.0322581	29.0640394
62.2047244	54.9707602	63.8297872	72.7891156
32.3076923	33.6363636	30.3703704	24.4444444
73.1343284	60.3174603	68.4615385	65.4545455
56.097561	57.6923077	59.8425197	66.1290323
57.7235772	50	63.2911392	50.862069
60.9756098	68.7898089	62.6213592	62.4161074
65.7534247	53.7931034	69.3641618	69.8529412
34.2465753	34.7560976	30.5882353	39.0625
51	61.7021277	62.5	60.2409639
63.8461538	58.7412587	64.7058824	65.4411765
25.3164557	23.6111111	33.3333333	52.5
46.7741935	69.3333333	62.7118644	59.2592593
24.0740741	25.4901961	25.4901961	12.5
64.7482014	65.7142857	65	48.8372093
63.6363636	61.7647059	55.5555556	55
28.8461538	29.3650794	42.0689655	36.71875
28.5714286	28.3236994	33.1550802	29.9212598
21.9178082	31.3432836	24.1610738	24.21875
31.5789474	34.0909091	38.0597015	36.7521368
39.2712551	25.5813953	30.7053942	36.8715084
30.4635762	33.3333333	33.3333333	34.5132743
60.1769912	62.3015873	59.9236641	64.3979058
63.2911392	61.3924051	66.6666667	63.1205674
38.5416667	34.8837209	40.5940594	26.4367816
58.7570621	60	57.9881657	61.0778443
66.2251656	62.0915033	60.1123596	64.4628099
51.8518519	51.6393443	49.6240602	49.5575221
46.1111111	42.5149701	44.2622951	54.9019608
55.4545455	55.1111111	48.6792453	54.2288557
47.133758	41.5730337	52.2727273	42.8571429
44.7058824	54.0540541	46.5116279	51.8072289
51.0416667	46.2264151	42.8571429	47.0588235
46.3414634	49.3975904	48.4536082	41
50	50	60	56.5217391
48.7684729	55.3072626	51.2953368	49.3421053
39.2156863	50.4273504	46.031746	36.1904762
52	38	40.9836066	50
45.2095808	40.8284024	45.2261307	45.1410658
43.454039	46.1741425	44.3099274	44.4444444
47.0588235	42.1768707	50	40.8163265
53.7815126	52.7777778	47.1153846	48.9583333
44.9392713	45.2	46.0629921	44.3946188
47.2924188	47.0119522	46.5034965	44.2553191
46.6165414	42.0074349	48.630137	47.7477477
38.9937107	38.961039	50	50
39.1061453	45.4545455	54	39.4736842
37.9310345	36.8421053	42.4242424	43.9655172
43.442623	44.8598131	48.3870968	56.3829787
41.6666667	42.7710843	44.5859873	51.1450382
44.1558442	40	42.1052632	54.1984733
39.7306397	42.0529801	40.9785933	43.75
48.6486486	47.0238095	42.1568627	48.0769231
51.6393443	51.25	48.7719298	55.7603687
43.0051813	37.7358491	42.5	50.5376344
40.2366864	41.3580247	43.1818182	37.7952756
39.5833333	39.4366197	40.9638554	36.5079365
38.7755102	39.7260274	41.6666667	35.9375
24.260355	20.2702703	24.7058824	26.9736842
45.7142857	40.5063291	50.6024096	46.031746
55.5555556	46.031746	57.3170732	42.8571429
41.1764706	54.6391753	50	43.902439
48.5981308	46.2365591	48.2758621	43.956044
56.3829787	49.3975904	43.1034483	35.3658537
43.5582822	41.9512195	43.7810945	56.462585
54.8117155	49.3877551	48.9864865	46.6666667
56.4	51.048951	51.7241379	50.6024096
47.4683544	43.4402332	51.9287834	42.5855513
49.4339623	46.3768116	48.5815603	49.2424242
52.3809524	53.0516432	52.7559055	44.7368421
41.9354839	49.7536946	47.0338983	38.6363636
38.9261745	39.1304348	49.3055556	52.34375
49.7890295	46.8879668	47.4820144	45.754717
41.9047619	48.1132075	45.3703704	51.1627907
39.7590361	47.9452055	34.1463415	42.5925926
28.8888889	25	35.7142857	41.6666667
45.1612903	41.8300654	45.8762887	49.0066225
42.96875	47.3214286	49.1735537	39.7260274
53.6231884	52.2875817	52.9761905	50.862069
44.3548387	49.8069498	43.6823105	42.081448
38.8888889	44.7058824	46.8599034	42.2619048
47.5083056	47.761194	43.5045317	48.828125
46.7336683	44.973545	46.3054187	51.3513514
53.7906137	44.1176471	50.3184713	50.8960573
31.8181818	48.4848485	48.2142857	57.1428571
41.015625	40.4545455	52.4344569	50.9615385
42.8571429	58.7412587	52.1472393	54.2372881
49.6503497	45.1428571	42.9319372	37.3015873
44.2424242	45.6140351	51.8918919	52.4691358
49.5297806	51.744186	44.3349754	49.235474
50	59.6153846	40.8163265	43.1818182
47.2727273	43.4343434	48.3568075	51.8292683
46.8	48.627451	53.2075472	55.6451613
42.4242424	39.0625	50.3333333	48.8461538
45.8333333	38.4615385	33.3333333	37.8378378
51.8518519	46.9298246	49.4296578	43.4065934
44.6666667	45.4545455	52.9411765	52.3809524
48.1927711	42.1568627	47.0588235	46.1538462
46.9230769	46.969697	44.6308725	51.3274336
43.8356164	36.6013072	47.6470588	47.0149254
44.7058824	50.3401361	43.7810945	47.5862069
49.1525424	52.5	53.030303	44.9275362
18.9054726	10.9289617	16.5876777	12.5874126
46.9565217	46.8879668	45.7236842	46.875
44.3564356	45.8947368	45.1669596	46.9525959
49.704142	45.398773	53.3333333	48.2269504
50	54.5454545	46.9135802	63.0434783
42.0382166	42.9487179	49.4117647	51.0948905
51.3189448	48.156682	44.375	45.0402145
55.5555556	50.990099	50	53.9568345
43.9716312	41.7582418	48.4949833	47.9338843
51.8987342	52.5641026	67.4418605	37.5
51.7006803	49.3670886	52.9761905	52.5179856
50.877193	44.5945946	55.9139785	59.3220339
46.7248908	47.5490196	47.3684211	46.2765957
43.6619718	43.902439	53.4693878	45.1282051
41.4141414	48.8636364	48.2758621	50.3144654
40	56.1403509	41.5384615	44.4444444
50.5263158	49.4623656	57.2727273	50.6849315
44.9152542	44.6153846	45.6140351	54.6511628
47.4789916	48.5436893	42.9078014	36.1809045
51.6129032	52.688172	42.2222222	42.8571429
47.0817121	52.3404255	53.5433071	57.2916667
43.1506849	53.8461538	49.122807	50.3875969
42.5675676	53.4482759	45.6790123	54.6875
45.6896552	47.5728155	50.3649635	49.3975904
48.951049	46.4788732	48.502994	47.761194
100	97.1698113	100	98.6111111
51.4492754	50.1706485	50.1474926	50.3816794
41.6666667	51.4925373	44.8148148	50.9259259
50	46.7336683	50.2242152	43.3673469
40.5263158	45.7943925	46.1165049	50.2890173
45.276873	48.2649842	49.1048593	49.1749175
51.2820513	42.6966292	60.5769231	43.2098765
44.549763	50.6550218	49.2125984	45.3271028
45.7489879	40	52.0689655	58.8932806
45.7399103	46.350365	49.825784	45.1327434
48.1848185	45.7680251	48.2352941	43.9688716
38.7096774	52.5345622	54.1322314	38.2857143
94.1176471	98.5714286	100	100
99.047619	93.877551	100	98.9361702
94.6153846	97.1014493	100	100
97.1153846	98.2905983	100	100
96.09375	97.0149254	98.7012987	100
50	44	49.0039841	52.5423729
16.6666667	17.6470588	10.5263158	12.5
98.8235294	90.3225806	100	100
100	98.5074627	100	97.029703
46.7005076	51.1363636	47.6683938	49.4318182
39.7058824	47.6923077	51.8218623	40.5555556
42.0091324	46.0580913	45.7777778	39.3258427
45.4954955	46.6666667	47.1223022	49.1803279
48.7951807	51.3274336	43.956044	49.8305085
43.4599156	44.3298969	48.1927711	44.8863636
46.7213115	49.4423792	49.6478873	49.7854077
52.9411765	35.483871	58.6206897	37.9310345
54.3478261	50	47.148289	55.7788945
47.5352113	56.8181818	50.764526	51.1363636
50	49.7252747	44.6927374	44.4089457
49.2063492	46.9194313	51.3513514	46.6666667
44.1441441	41.2451362	47.8813559	46.1883408
49.5798319	50	49.1525424	51.7241379
34.2857143	29.5652174	27.9503106	38.9830508
46.9565217	50	43.220339	57.7319588
50.4587156	43.9393939	46.8619247	46.3917526
46.2462462	47.1518987	45.7583548	49.5114007
49.3562232	48.0645161	46.8438538	45.4545455
52.2012579	52.8216704	49.7185741	47.2813239
40.4347826	41.0810811	40	45.1219512
57.615894	41.9354839	53.5211268	50
44.1087613	49.6969697	46.0106383	46.9178082
41.4285714	45.7943925	42.5	47.1910112
51.4705882	52.7777778	47.6190476	47.9338843
51.0526316	49.2682927	51.396648	48.1707317
43.0379747	49.0797546	48.2993197	41.322314
43.4108527	43.2624113	41.3461538	55.3571429
46.2686567	39.3939394	56.5217391	46.6666667
47.5504323	46.130031	48.8950276	43.2098765
46.4516129	40.9090909	40.1273885	49.5934959
44.1176471	45.4545455	52.9166667	50.5617978
20.5882353	21.4925373	17.3913043	20
46.969697	42.8571429	46.5517241	45.1327434
47.9020979	48.2269504	51.7241379	48.75
55.8922559	47.5352113	51.1111111	49.122807
48.6486486	49.2063492	41.1111111	50.7246377
51.0067114	46.5116279	50	34.7826087
51.9379845	44.9392713	52.2648084	45.0980392
49.7737557	40.3940887	41.7391304	51.8716578
38.7755102	38.6363636	36.6197183	41.8604651
44.6969697	59.6330275	44.1860465	58.6206897
50.9803922	48.8888889	43.0555556	46.7741935
45.6790123	46.0580913	48.4745763	46.835443
27.6595745	38.8888889	50	47.5
52.4038462	50.4854369	52	56.8047337
50.5154639	43.4343434	45.4545455	50
46.9798658	50.7142857	52.5641026	57.9831933
43.8016529	46.3157895	45	43.4343434
45.4022989	46.4174455	52.1875	54.8148148
46.7576792	45.4268293	45.7865169	43.4306569
45.8452722	45.7865169	44.0443213	50.8403361
46.5986395	46.1290323	48.1792717	51.6853933
47.2222222	45.1219512	43.0493274	49.6350365
43.8095238	48.0113636	49.0463215	52.3636364
41.4634146	62.2222222	39.2156863	31.0344828
47.706422	51.627907	51.9480519	53.9215686
47.1544715	43.2692308	45.8646617	39.1304348
45.5621302	44.6808511	48.1927711	48.4375
44.5026178	45.959596	41	39.375
51.5463918	54.7368421	52.6315789	54.5454545
48.3766234	42.5087108	51.0144928	55.0877193
51.9417476	48.0662983	50.6726457	53.6723164
47.1910112	48.5207101	41.7525773	56.5714286
45.0479233	49.3377483	47.0108696	43.6363636
55.2941176	44.9275362	48.2758621	54.7945205
48.8372093	51.3207547	43.4782609	49.7816594
43.9834025	40.625	47.7508651	40.1606426
45.398773	42.2459893	46.1538462	50.9677419
47.7124183	43.715847	47.2826087	53.7414966
43.5779817	53.3807829	49.5297806	50.2262443
51.7786561	41.2451362	44.3983402	51.010101
47.4226804	49.7816594	54.1501976	43.0232558
45.1505017	52.189781	49.7005988	43.2773109
58.5365854	69.7674419	42.5531915	46.6666667
95.1724138	96.0526316	99.4974874	97.7099237
48.7922705	38.6046512	45.021645	40.5
50.7352941	38.9261745	55.6213018	50.7575758
43.0107527	51.8292683	46.4285714	47.1428571
45.1456311	54.4502618	48.4716157	39.6551724
52.0737327	45.0236967	46.124031	50.310559
43.452381	49.6774194	49.4252874	52.3809524
50.1831502	47.5694444	48.5411141	44.8275862
47.4226804	47.5	50.9727626	43.4285714
49.1803279	44.6280992	46.2962963	55.7692308
33.3333333	41.8367347	49.4505495	39.6226415
44.8387097	45.9627329	46.4285714	43.9862543
39.5604396	52.3255814	43.1578947	54.1666667
89.5522388	95.3846154	98.5915493	98.1481481
98.136646	94.8275862	100	100
98.0769231	92.1568627	100	100
92.1568627	96.0784314	98.3870968	100
92.9577465	94	100	99.2248062
91.8604651	93.4065934	100	100
46.3878327	55.8922559	56.8493151	53.8167939
36.6863905	26.8571429	41.4141414	35.0364964
46.3855422	44.3708609	44.4444444	44.6043165
40.4444444	44.9760766	44.8717949	45.0549451
37.8640777	37.5	33.6206897	27.173913
45.2941176	44.4444444	52.1327014	46.4052288
43.9613527	49.0039841	54.4	44.5026178
44.4444444	53.6842105	42.6829268	54.1176471
44.9541284	54.2553191	45.6790123	54.1176471
47.4285714	46.7948718	55.1724138	43.6363636
46.2264151	49.4444444	44.9074074	45.8598726
40	48.4848485	40	42.1052632
45.2830189	53.3333333	50.2994012	48.6486486
50.8196721	48.7804878	47.5336323	44.5783133
43.1578947	46.0526316	54.1284404	46.4285714
50.6944444	42.0118343	46.5838509	41.2371134
42.0689655	48.0314961	47.0238095	46.3235294
46.4028777	44.9392713	47.2118959	54.2986425
46.4566929	50.7246377	45.862069	49.5901639
45.6989247	39.7727273	46.5346535	51.0204082
43.3862434	48.603352	47.5555556	45.7142857
42.7419355	41.2698413	50.3401361	28.4210526
48	37.1428571	46.1038961	52.4590164
49.6987952	49.1712707	47.2154964	49.6710526
42.8571429	70.5882353	54	50
47.6923077	47.080292	52.5373134	51.1210762
48.447205	44.5205479	54.601227	44.2028986
49.4736842	59.0909091	55.5555556	41.6666667
32	39.2857143	55.8823529	54.5454545
52.7173913	40.4624277	43.2835821	51.6556291
39.7810219	51.5503876	47.0383275	49.1869919
50.9433962	45.2631579	44.0366972	51.8987342
44.7916667	47.5247525	49.3087558	44.5086705
43.2432432	43.5185185	47.4777448	46.2962963
45.049505	36.9098712	40.6374502	42.0792079
92.9032258	94.5736434	100	99.2125984
42.9530201	45.9459459	48.0645161	46.0176991
52.2058824	48.3870968	50	48.5148515
37.5	36.5384615	51.1627907	44.3298969
45.1923077	47.5728155	45.7746479	58.4070796
40.3508772	53.4482759	49.2537313	43.5483871
43.7086093	42.8571429	38.0368098	45.4545455
42.1052632	38.7755102	54.4117647	56.8181818
50.1432665	48.0938416	51.3513514	47.1223022
49.132948	48.4042553	47.3933649	47.4683544
47.5177305	49.4584838	47.0031546	47.5095785
48.2051282	43.5	53.0434783	46.2427746
37.5	41.8604651	49.0196078	37.9310345
50	44.5454545	49.5145631	55.5555556
47.1830986	44.9704142	45.3038674	41.221374
38.6934673	48.0769231	53.8135593	48.255814
52.8619529	45.1957295	43.1547619	47.2103004
43.4782609	53.3333333	55.2631579	44.2105263
51.7241379	49.4845361	56.7010309	50.5882353
48.3193277	44.8669202	51.5151515	51.8181818
50.4098361	54.6125461	48.951049	46.0526316
48.6166008	49.5833333	50	47.826087
49.7435897	45.7317073	56.8965517	45.7317073
47.5	43.4782609	46.9230769	54.2553191
100	94.3396226	100	97.826087
100	94.3396226	100	95.8333333
96.2962963	94.2857143	97.9310345	98.2905983
51.6393443	43.3460076	46.5317919	51.9313305
45.4545455	50	46.2765957	46.4285714
43.8356164	40.4761905	46.0526316	56
45.2054795	41.5584416	48.6111111	59.5744681
36.3636364	47.706422	55.6390977	52.6315789
42.9906542	53.1914894	45.2173913	47.7777778
46.9230769	48.8	47.6190476	46.1538462
56.8345324	46.9387755	46.1077844	45.1612903
64	60	57.1428571	45.4545455
89.2473118	95.505618	100	97.1014493
48.9795918	48.0769231	51.9774011	47.3684211
49.6644295	48.4076433	53.0726257	47.0149254
55.8823529	60.7843137	44.2307692	52.173913
61.4285714	47.3684211	56.9767442	29.1666667
45.4545455	52.8089888	55.2	46.7213115
98.1132075	93.5483871	98.2142857	96.4285714
96.4285714	94.7368421	100	97.7777778
98.9361702	96.4539007	99.702381	99.4871795
56.6037736	41.6666667	36.5853659	45.2380952
46.4435146	45.6140351	42.9657795	50.5102041
46.5306122	45.6521739	42.2053232	49.4949495
31.7073171	31.884058	37.804878	45.4545455
20.5128205	18.5185185	12.5	7.4074074
48.7179487	70	68	65.3846154
50	70.7317073	67.9245283	65.3846154
59.7014925	67.8571429	62.3762376	55.1282051
65.6626506	56.25	65.8536585	64.9122807
63.5135135	54	63.7362637	67.5324675
15.2542373	10	0	16.6666667
31.7647059	30.3703704	38.9830508	34.4370861
16.5938865	14.159292	17.9282869	24.7058824
62.8571429	68.75	72.1804511	60.4395604
21.0526316	25	12.1212121	15.3846154
55.5555556	41.1392405	51.0989011	54.6099291
45.6140351	45.6521739	42.2222222	36.1111111
50	43.75	47.3684211	54.9295775
52.6315789	65	57.1428571	100
42.5	54.9019608	35	34.6153846
25	30	28.2051282	12.5
30	40	23.8095238	21.0526316
75	57.1428571	72.611465	58.5858586
63.7362637	67.7083333	57.8947368	59.5959596
66.0714286	58.5106383	65.8536585	58.1632653
29.2237443	25.5411255	31.6981132	30.4347826
34.8837209	32.3529412	23.255814	24.3243243
50.8064516	58.0882353	45.8823529	55.1020408
46.031746	44.7761194	34.2857143	40.4255319
49.1071429	42.7184466	50.877193	51.3157895
48.1203008	47.7272727	46.2093863	49.7835498
48.447205	43.1818182	55.1470588	36.2204724
50	42.3076923	55.6603774	39.7590361
50	73.6842105	45.4545455	37.5
48.1481481	41.8181818	47.2972973	37.7358491
47.2	49.6598639	47.4860335	45.8646617
60	68	79.4871795	41.1764706
72.9411765	58.7301587	64.3678161	76.7857143
30.8823529	32.3529412	32.8042328	32.8947368
22.6666667	24.8322148	29.3103448	32
36	34.0425532	33.3333333	41.6666667
22.8187919	30.7142857	29.2397661	32.5
32.6086957	28.0487805	26.4150943	30.5555556
58.6206897	59.2783505	67.8756477	61.8055556
48.7804878	43.902439	34.2105263	23.0769231
64.5454545	67.768595	61.4864865	66.0194175
26.1780105	30.9090909	26.344086	25.3246753
26.3157895	31.097561	26.2032086	25.3246753
63.8297872	52	72.2222222	70.9677419
50	53.7313433	55.1724138	57.3529412
15.7575758	19.6319018	21.0227273	29.9319728
50.6493506	60.6060606	55.1282051	45.0980392
64.6153846	60	59.375	64
51.0638298	42.3076923	60	44
78.5714286	80	80	61.9047619
48.4848485	38.3084577	45.0980392	47.8527607
38.2022472	50	46.1538462	51.5151515
38.5964912	50.877193	57.3170732	38.4615385
39.2857143	50.877193	57.3170732	38.4615385
99.1150442	93.75	100	99.009901
96	92.3076923	100	100
48.6413043	46.8085106	48.3296214	48.8439306
48.9795918	50	33.3333333	42.3076923
48.5294118	38.2716049	47.6923077	46.2962963
48.8372093	48.2352941	50.5376344	41.0958904
49.1525424	43.9393939	49.2307692	46.9387755
43.0769231	46.875	40.9090909	42.5531915
97.1428571	94.8979592	100	100
93.1034483	100	100	100
21.0526316	5.5555556	21.4285714	31.5789474
18.7969925	18.4466019	19.4690265	20.6521739
1.2195122	31.8181818	24.7524752	20.2380952
36	31.5789474	44.4444444	0
62.1004566	64.3410853	65.3136531	64.6766169
4.3333333	5.4794521	21.4285714	18.972332
15.4696133	9.375	12.0603015	12.1621622
47.0588235	47.3684211	39.1304348	58.8235294
20.4545455	5.1282051	22.4489796	21.875
20.4081633	19.3548387	26.5625	31.8181818
59.0909091	85.7142857	64.2857143	54.5454545
18.115942	16.1290323	19.205298	17.0212766
35.2941176	76.1904762	55	66.6666667
54.5454545	50	65.2173913	62.5
57.1428571	30.7692308	60	41.1764706
4.1237113	6.1797753	18.8940092	18.6046512
13.5135135	12.3287671	8.2191781	6.1538462
23.4042553	21.1538462	17.3913043	20.4545455
46.3414634	33.3333333	37.704918	32
52.9411765	50	77.7777778	33.3333333
36.3636364	46.1538462	31.8181818	17.6470588
43.9189189	42.0765027	46.1538462	47.4683544
20	0	0	28.2051282
8.0645161	3.3057851	1.5384615	2.6548673
5.4054054	8.1967213	7.6335878	9.8039216
17.8571429	17.1052632	12.9032258	19.6721311
46.6666667	63.6363636	50	62.5
8.8803089	2.6923077	0	0.8849558
12.0567376	14.3939394	10.4651163	7.4626866
18.4931507	19.6850394	16.7938931	21.2389381
50	52.9411765	47.3684211	44.4444444
4.5454545	3.0120482	2.1008403	3.5714286
26.6666667	58.8235294	44.8275862	60
5.7553957	6.0810811	0	5
5.1724138	3.6363636	0	0
5.2238806	2.7027027	0	1.4705882
1.7699115	1.8018018	0	1.5625
0	1.1494253	0	0
0	1.4084507	0	0.6666667
0.7843137	1.4869888	0	0
2.0512821	0.8658009	1.0309278	0.5434783
2.189781	3.5714286	0.5102041	1.4705882
0.3937008	1.8450185	1.3513514	1.5810277
100	90	100	100
4.3478261	5.0761421	0	0
33.3333333	50	63.6363636	50
62.5	81.8181818	69.2307692	75
0	0	1.1049724	0
0	0	1.7241379	1.0416667
2.8037383	6.5989848	0	0.5649718
4.6511628	6.7307692	0	0
75	70	87.5	71.4285714
24.3902439	40	27.2727273	42.1052632
0.8264463	9.0909091	2.8776978	3.9215686
0	0.7633588	1.2658228	2.238806
2.2222222	8.4033613	0	0
6.5420561	3.6036036	0	2
7.3684211	4.2105263	0	0
5.1612903	5.4545455	0	0.877193
5.8823529	0	0	0
0	12.5	0	0
1.369863	5.0955414	0	0.7751938
80	100	100	100
3.2258065	6.5934066	0	0
0	0	0	0
5.0420168	2.2058824	0	2.8368794
3.2967033	12.244898	0	2.2988506
6.3829787	0	0	1.0989011
2.7624309	5.5865922	0	1.3986014
5.0251256	1.4492754	0	0.6493506
1.980198	7.4074074	0.9345794	0
0	0.7142857	0	0
1.6260163	5	0	1.369863
1.0362694	2.3391813	0	1.183432
0.6756757	2.8368794	0	0
0	0	0	0
0	0	0	0
0	1.0380623	0	0.4672897
0.3623188	0.4329004	0.619195	0
0.9225092	0.6825939	0.736377	0.7042254
0	0	0	0
0	0.7017544	0	0.4587156
0.6756757	0	0.6134969	0
1.0989011	0	0	0.7352941
0	0	0	0
0.2840909	0.5970149	0	0.6493506
0	0.6944444	0.7042254	0
0	2.4193548	1.6853933	2.4590164
1.3513514	0.7782101	0.3952569	0.5154639
0	0.9389671	0.4504505	0
0.4926108	0.4166667	0	1.1049724
0	0	1.0309278	0
0	1.8404908	0.6756757	0.8064516
1.025641	0.6097561	1.0695187	0.7352941
0	0.3533569	0.3508772	0
0	0.4098361	0.3816794	0.4926108
6.122449	0	0	0
71.8475073	65.4867257	71.2530713	69.6750903
2.7522936	5.3097345	0	1.9230769
0	0	0	0
0	0	0	0
0	0	7.4285714	0
0	0.8042895	0	0
1.754386	2.0408163	0	0
0	2.2222222	0.5780347	0
0	1.8181818	0	2.3809524
0	5.3571429	0	0
2.3255814	10.5263158	0	4.7619048
6	4.1666667	0	0
9.6774194	2.6315789	0	0
3.7878788	5.1612903	0.625	0.6896552
1.2	5.1948052	0	3.2085561
0	7.6086957	0	2.2222222
2.4096386	7.7777778	0	0
7.7669903	2.8301887	0	1.010101
0	0	0	0
8.045977	5	0	0
0	9.0909091	0	2.739726
6.25	2.8571429	0.41841	0.5747126
0	0	1.0791367	0
0	6.741573	0	0
3.5087719	7.7669903	0	0
5.2631579	0	0	0
5.8139535	0	0	0
0	6.8965517	0	0
0	5.3571429	0	0
13.7254902	3.5087719	3.2258065	3.125
0	0	13.6363636	0
10.7142857	5.2631579	0	0
4.4776119	8	0	0
7.8212291	9.2165899	8.6734694	11.3475177
8.0924855	9.4339623	9.2391304	11.6788321
5.9322034	0	0.6993007	0
3.125	1.5625	4.4776119	0
2.4242424	5.0955414	0	0
2.4793388	5.1282051	0	0
0	0	0	5.0314465
0	0	0	0
1.8957346	5.0847458	0	0
6.8181818	1.2345679	0	1.5151515
2.8985507	1.4705882	5.4054054	4.7619048
1.5625	6.9444444	0	0
4.1666667	7.4074074	16.6666667	8.3333333
71.4285714	33.3333333	40	25
3.4482759	5.1724138	0	0
0	8.4337349	0	0
0.7407407	5.5214724	0	0
5.7142857	1.754386	0	3.2679739
0	0	0	5.4455446
1.6806723	5.5555556	0	0
0	0	3.9215686	0
0	0	1.4705882	4.2553191
0.5714286	5.3571429	0	1.4492754
0	0	0	0
0	0	0	0
2.4390244	0	0	0
16.0714286	19.6969697	18.8679245	22.7272727
2.2222222	6.2146893	0	0
3.6144578	3.030303	1.5873016	2.173913
5.5555556	1.754386	0.4694836	0.6802721
0	7.0175439	1.5267176	4
5.3061224	2.0408163	0	0.4878049
2.6315789	7.5	0	0
2.3809524	5.1282051	1.0309278	0
33.3333333	100	0	100
0	0	0	0
8.1081081	0	2.9411765	0
5.2631579	13.3333333	4.7619048	10
0.8474576	5.0847458	0	0
0	0	0	0
8.8685015	7.3170732	10.2941176	7.7205882
2.7027027	5.7971014	0	0
0	0	0	4.5454545
0	0	0	0
5.3333333	1.6483516	0	0
0	7.3170732	0	0
0	9.0909091	0	0
60	33.3333333	50	42.8571429
54.5454545	33.3333333	50	50
0	0	0	0
0	0	0	0
6.0869565	1.0526316	0	1.1627907
0.952381	5.5555556	0	0
0	0	0	5.3398058
2.7027027	5.8823529	0	0
3.0927835	6.1946903	0	3.2608696
7.8947368	2.5	0	0
0	8.75	0	0
2.484472	5.9139785	0	0.7874016
7.8651685	3.7037037	0	1.3888889
3.7974684	6.7567568	0	1.5625
0	0	5.511811	0
