-0.570452316307838	-0.442016589487118	-0.560479645405068	-0.446218592028251	-0.366615244202249	-0.431078602809274	-0.128204724982899	0.00852401325444328	-0.721427332332209	-0.787508291905721	-0.585722590791313	-0.41202310735152	-0.709176571265627	-0.570897381254398	-0.366039764413316	-0.515786099705695	-0.494784718968583	-0.437817502990053	-0.367487996524548	-0.766996808685869	-0.728567204599163	-0.642672879876873	-0.425819231857352	-0.82333134386899	-0.46312246315465
-0.234681238546455	-0.121753553787778	-0.488859292352986	0.16263945957927	-0.501393874762861	-0.433150644914922	-0.379305102550783	-0.00390092045783794	-0.61911937798314	-0.718142825239151	-0.296301011131218	0.0167529997814878	-0.524468274703712	-0.409475365295615	-0.260448836011896	-0.39686251779258	-0.186076433264051	-0.117787488257355	-0.367487996524548	-0.557622893338437	-0.728567204599163	-0.314725204291906	-0.26951993824383	-0.645275028333033	-0.156682860251023
-0.384318349287746	-0.391096890177321	-0.222073477234066	-0.0885883772489644	0.112638605047575	0.0373981053385445	-0.472094834834566	0.0854530463546486	-0.721427332332209	-0.787508291905721	-0.414339616168895	-0.30852542631898	-0.0433996515685052	-0.252712388846855	-0.366039764413316	0.048251460224767	0.176383412775421	0.281133646386969	0.0214914123776868	-0.766996808685869	-0.728567204599163	-0.22727249080293	0.00353304457519813	-0.645275028333033	-0.128824714533113
4.11835094814653	4.79881198522178	4.19189100031079	4.05118928336364	4.17250905237336	3.22863850179364	4.85469388145559	4.29723136524092	1.92234793029693	2.50462351931572	2.42410237675287	3.61474381181377	2.80822550627363	2.44907220179509	3.10667617100893	3.87117269974577	4.40788874338142	3.45516983178513	4.13898076514436	2.90887574465365	3.7941191668155	3.59441108867909	3.97975975845917	0.827830419389661	3.28101232141098
-0.570452316307838	-0.318919452320691	-0.296357758052333	-0.0276286815482531	2.08727511419768	2.29414751233878	0.945693409645686	0.986987543076105	-0.721427332332209	-0.787508291905721	-0.585722590791313	-0.370718986939608	-0.709176571265627	-0.602884232342948	-0.366039764413316	1.10767727180814	1.28800563097687	1.68206131459762	1.21420538305131	-0.633328715836872	-0.728567204599163	-0.642672879876873	-0.271326866493744	-0.82333134386899	-0.46312246315465
2.06405921689489	-0.509101272704514	-0.560479645405068	1.34441602502277	-0.575121789005379	-0.558509192279364	-0.620558406488232	-0.464779275591159	-0.721427332332209	-0.787508291905721	-0.522931414744308	-0.41202310735152	-0.709176571265627	-0.602884232342948	-0.366039764413316	-0.515786099705695	-0.494784718968583	-0.437817502990053	-0.367487996524548	-0.766996808685869	-0.728567204599163	-0.642672879876873	-0.27221475365116	-0.743060054077869	-0.46312246315465
1.57008830442152	-0.509101272704514	-0.560479645405068	-0.446218592028251	0.133800463326738	-0.558509192279364	-0.620558406488232	0.209255318791997	-0.721427332332209	-0.0476099807987453	-0.585722590791313	-0.41202310735152	-0.709176571265627	1.24524494166213	-0.366039764413316	-0.515786099705695	0.693742180995054	-0.437817502990053	0.558653453242724	-0.766996808685869	-0.103436275857278	-0.642672879876873	-0.425819231857352	0.400805825441939	-0.46312246315465
-0.424713380428776	-0.338764511839651	-0.326693000727304	-0.243823470477483	-0.401235198810779	-0.261416681184443	-0.287795228643374	-0.338889545900626	-0.721427332332209	-0.787508291905721	-0.585722590791313	-0.41202310735152	-0.0688839355760825	-0.198293791547242	-0.117274695806344	-0.30003402760099	-0.31951807934263	-0.385508028500715	-0.367487996524548	0.218805376073904	-0.277083756063132	0.153654836937506	0.670680427956542	-0.82333134386899	-0.46312246315465
3.94134587827968	4.45470892699159	4.86313436299123	3.81465184002449	4.59942956920353	4.17079691780036	4.53563965805536	4.58253701365678	2.55218245096612	2.39145178847926	2.74112338717199	3.98857378164703	2.56656491421682	3.80590584541091	3.443294034263	4.1979563654223	4.55278631297704	4.84456026960294	4.71985843934814	3.27009785271317	3.12295036584651	3.29474092473211	4.64171933356787	1.67000325865521	3.70228665241751
0.163447325085205	-0.509101272704514	0.191534061641303	-0.446218592028251	0.576876871033965	-0.558509192279364	-0.620558406488232	0.209255318791997	-0.721427332332209	-0.787508291905721	-0.221533769718583	-0.41202310735152	-0.709176571265627	-0.602884232342948	-0.172919513783843	-0.175418606644362	-0.206656985644353	0.498997631046298	-0.367487996524548	-0.766996808685869	-0.448336098611422	-0.195318614719447	-0.425819231857352	-0.82333134386899	-0.46312246315465
-0.570452316307838	-0.509101272704514	-0.560479645405068	0.129342534882322	-0.575121789005379	0.843227291892651	0.537457452411525	-0.464779275591159	-0.721427332332209	0.100369681421318	-0.0254320968330991	-0.41202310735152	-0.709176571265627	-0.602884232342948	0.420235541721545	-0.515786099705695	-0.494784718968583	-0.437817502990053	1.18842963908439	-0.766996808685869	-0.728567204599163	-0.0974598692167781	-0.425819231857352	-0.82333134386899	-0.46312246315465
-0.570452316307838	-0.509101272704514	-0.560479645405068	-0.446218592028251	-0.575121789005379	-0.538471373792243	-0.620558406488232	-0.464779275591159	-0.721427332332209	-0.787508291905721	-0.585722590791313	-0.41202310735152	-0.455505662667473	0.346155073227226	-0.0497221125201244	-0.515786099705695	-0.494784718968583	-0.412866010315997	-0.367487996524548	-0.766996808685869	-0.728567204599163	-0.642672879876873	-0.425819231857352	-0.82333134386899	-0.46312246315465
0.464534357450375	0.855687118652503	-0.35723269755482	-0.295251739067648	-0.575121789005379	-0.558509192279364	-0.620558406488232	-0.464779275591159	-0.721427332332209	-0.787508291905721	-0.585722590791313	-0.41202310735152	-0.709176571265627	-0.602884232342948	-0.366039764413316	-0.515786099705695	-0.494784718968583	-0.437817502990053	-0.367487996524548	-0.766996808685869	-0.728567204599163	-0.642672879876873	-0.425819231857352	-0.82333134386899	-0.46312246315465
0.827451762531977	0.096735660269434	0.029335026788553	-0.0688014596276642	1.26807606705757	0.726415918208223	0.870112414584376	-0.0519733996055452	2.36449194286959	1.69266104685949	0.592535359735536	-0.41202310735152	1.63503795829544	1.29203302202005	-0.284500103036558	0.964812495110656	0.527604012178843	-0.0923996323400774	-0.215542914922112	1.81401254777823	1.82098638713104	0.978491470407946	-0.313046323806954	2.213470479997	0.213158039804496
0.975493687556057	0.25080625960371	0.0998250729772211	-0.00241242188068353	1.18030474057663	0.583646461486238	0.45167849989936	-0.0333971351859391	2.38434985326271	1.60976223608328	0.369526775959697	-0.41202310735152	1.58604095279187	1.02427297520626	-0.366039764413316	0.964812495110656	0.31251657157315	-0.00483571835133379	-0.127377250288517	0.97711474896725	1.28375902315944	0.79470687550212	-0.268136758654551	1.74584543122953	-0.12627282332161
1.11140102855461	0.244311323429893	-0.295063042917848	0.0471195167519768	1.44087586606347	0.456740277735875	0.436990323101645	-0.0191365685608306	2.50502765000463	1.81489266440318	0.368105273920205	-0.41202310735152	1.53991856922037	1.19529550452685	-0.366039764413316	1.10235444108206	0.22735820759153	-0.227512064737078	-0.0896455615946581	0.601055202816685	0.851624865272072	0.537552931433878	-0.340155195934486	1.53426616739415	-0.282272861441372
0.15165777261299	0.532852317689862	-0.0591371740402194	-0.17929169259125	-0.575121789005379	0.0582548607546778	-0.352499179890852	0.883289913175152	-0.593542389395873	-0.612269218222209	-0.46432631710016	0.280615219556547	0.556271758367712	-0.602884232342948	-0.366039764413316	0.010648956228679	2.3916377523676	-0.268883626360057	0.380549328287666	-0.408523286955401	-0.728567204599163	-0.211887291207018	0.0982431055536872	-0.446673753311668	-0.30664266592725
-0.570452316307838	-0.509101272704514	-0.560479645405068	-0.446218592028251	-0.575121789005379	-0.558509192279364	-0.620558406488232	-0.464779275591159	-0.721427332332209	-0.787508291905721	-0.585722590791313	-0.390168014512189	0.402525699627352	0.337506584112901	0.408840247430161	-0.515786099705695	-0.494784718968583	-0.437817502990053	-0.367487996524548	-0.766996808685869	-0.728567204599163	-0.642672879876873	-0.425819231857352	-0.82333134386899	-0.46312246315465
-0.259100953292971	-0.34167625134153	-0.364302156610127	-0.446218592028251	-0.465407630906043	-0.558509192279364	-0.508347567447984	0.209255318791997	-0.536086835322877	-0.668596063335123	-0.50003110347974	-0.1015300642548	-0.516072443042044	-0.602884232342948	-0.202960441659799	-0.515786099705695	-0.494784718968583	0.145482486126804	-0.208070205990367	-0.766996808685869	-0.479790610507748	-0.361272616310626	-0.337610719619903	-0.74435475230037	-0.46312246315465
-0.395714306452433	-0.509101272704514	-0.350615355066357	-0.446218592028251	-0.295849386571878	-0.069013912094106	-0.620558406488232	-0.464779275591159	-0.721427332332209	-0.787508291905721	-0.585722590791313	-0.41202310735152	-0.709176571265627	0.130931763218233	-0.366039764413316	-0.515786099705695	-0.237805929787513	-0.208818248003641	-0.367487996524548	-0.766996808685869	-0.728567204599163	-0.494818504104407	-0.279769072250647	-0.641977689156441	-0.329403363706035
-0.570452316307838	-0.509101272704514	-0.560479645405068	-0.446218592028251	-0.575121789005379	-0.558509192279364	-0.620558406488232	-0.464779275591159	-0.721427332332209	-0.787508291905721	-0.585722590791313	-0.41202310735152	-0.709176571265627	-0.602884232342948	-0.366039764413316	-0.479092206401687	-0.494784718968583	-0.437817502990053	-0.367487996524548	-0.766996808685869	-0.728567204599163	-0.642672879876873	-0.425819231857352	-0.231801973461343	-0.46312246315465
-0.570452316307838	-0.159302567356362	0.849546055307441	-0.446218592028251	0.0194581645637011	2.09423942292048	0.798578675492791	-0.127761978399581	-0.721427332332209	1.21021714808511	-0.0833931824149833	1.08869326761851	-0.709176571265627	-0.602884232342948	-0.150199484298022	-0.515786099705695	-0.494784718968583	-0.00844389988975791	0.172761182506766	-0.766996808685869	-0.728567204599163	-0.642672879876873	0.286905547021234	-0.82333134386899	-0.46312246315465
3.11721172336511	3.50192388195456	3.24342825391504	4.14200014405311	3.12638210226586	3.2879762997599	3.86130213528329	4.10347663487071	1.8302675384642	2.11768066494421	2.46955275377622	3.64935617315409	2.35411646280247	3.07822551588668	3.30324499754448	3.93008846874622	3.24177704372078	3.68416908676948	3.62649700559383	2.68331083797334	2.45439110758002	2.72327239493652	2.99553070477508	1.50097973710212	2.80556663447816
-0.570452316307838	-0.509101272704514	-0.560479645405068	-0.446218592028251	-0.575121789005379	-0.558509192279364	-0.542102047484213	-0.464779275591159	-0.253555589882306	0.0529587216825904	-0.193183741730611	-0.255879207066183	-0.646701706252036	-0.602884232342948	-0.366039764413316	-0.515786099705695	-0.494784718968583	-0.437817502990053	-0.367487996524548	-0.766996808685869	-0.728567204599163	-0.642672879876873	-0.425819231857352	-0.82333134386899	-0.46312246315465
0.163447325085205	1.25168322163276	1.86582873015788	1.23993231497465	-0.483420403131591	-0.476926645581718	-0.209914484892204	-0.128811876521434	0.232100750967955	-0.0571570557789664	1.51155155391014	2.06098838379184	-0.709176571265627	-0.602884232342948	-0.366039764413316	-0.515786099705695	-0.494784718968583	-0.437817502990053	-0.367487996524548	0.998619044615806	0.937154338442406	1.90002456894323	2.15598991611811	0.22372937956471	-0.46312246315465
-0.570452316307838	-0.509101272704514	-0.560479645405068	-0.446218592028251	-0.575121789005379	-0.558509192279364	-0.620558406488232	-0.464779275591159	-0.60656061711985	-0.659448968829181	-0.100137496027431	0.326034126239235	-0.709176571265627	-0.602884232342948	-0.366039764413316	-0.515786099705695	-0.494784718968583	-0.437817502990053	-0.367487996524548	-0.766996808685869	-0.728567204599163	-0.642672879876873	-0.425819231857352	-0.82333134386899	-0.46312246315465
-0.570452316307838	-0.509101272704514	-0.560479645405068	-0.446218592028251	-0.575121789005379	-0.558509192279364	-0.620558406488232	-0.464779275591159	-0.633834905663398	-0.616762527804111	-0.394044263910814	0.191357703202679	-0.709176571265627	-0.602884232342948	-0.366039764413316	-0.515786099705695	-0.494784718968583	-0.437817502990053	-0.367487996524548	-0.766996808685869	-0.728567204599163	-0.642672879876873	-0.425819231857352	-0.82333134386899	-0.46312246315465
-0.232472218298166	-0.0893428262873189	-0.42777134416191	-0.347197322882742	-0.575121789005379	-0.221479655102309	-0.112656713988034	-0.188252262511166	-0.721427332332209	-0.510046425240106	-0.315953093700672	-0.041983453249691	-0.709176571265627	-0.436552606682325	-0.182575526315426	-0.515786099705695	-0.23428567240095	-0.437817502990053	-0.367487996524548	-0.289032113044456	-0.603541018850949	-0.551804044766567	-0.425819231857352	-0.82333134386899	-0.375568290896261
-0.570452316307838	-0.221031750653037	-0.42777134416191	-0.446218592028251	-0.0769602062852394	-0.558509192279364	-0.620558406488232	0.169606225005133	-0.636170703708198	-0.787508291905721	-0.585722590791313	-0.41202310735152	-0.709176571265627	-0.394969700267169	-0.366039764413316	-0.515786099705695	-0.494784718968583	-0.437817502990053	-0.367487996524548	-0.635556517384303	-0.300846042828272	-0.642672879876873	-0.425819231857352	-0.82333134386899	-0.46312246315465
1.2133315342971	-0.0274112522248182	-0.453049115826628	-0.391727597764562	0.329515195565818	-0.0313604290019044	-0.275910829434595	-0.191059643354328	1.44551197853421	1.34936220360646	0.620792521963942	-0.361999228185912	0.642552326299454	-0.0525222356720621	-0.321831514269262	0.0926790762458519	-0.105559535354949	0.16835699550436	-0.367487996524548	0.86587377047743	1.13657753361124	0.862542647593934	-0.379174940045934	1.68937126682264	0.00785860140624968
1.2133315342971	-0.0138806336725844	-0.4497537008093	-0.390742820759782	0.323999116391587	-0.0279594692393943	-0.265774135991529	-0.185386697608453	1.50578234802245	1.35117587742967	0.562023996833601	-0.36027426683543	0.623018671711051	-0.0525222356720621	-0.321017865493613	0.0885398573620225	-0.0525421515400315	0.107739545654712	-0.367487996524548	0.88198139127665	1.12141375525623	0.857753325459709	-0.425819231857352	1.66905604589916	0.0222032023570407
-0.25566693090606	-0.157508727842248	-0.353819390033271	-0.229536756014913	-0.434419662588536	-0.195706808141269	-0.349487278469103	-0.1717207562939	-0.569183352646246	-0.326494728830709	-0.394044263910814	-0.150270251252264	-0.610049785444336	-0.316105567410753	-0.162190610971053	-0.161151705737458	-0.2749415929641	0.0336515513939179	-0.101063743851518	-0.43702118198804	-0.38995461819714	-0.475450998012921	-0.271549799199804	-0.75484814558593	-0.123206264975799
3.25029760886683	3.91576356854866	3.51494947665606	4.35846559783593	4.45692143767277	3.98528395205102	3.58923078973326	4.76733084317979	2.43936529137722	2.69762020153418	2.94712705075428	3.85924657524718	2.39299262530502	3.87942905656313	3.08740471742845	4.53431763455415	4.65771178590378	4.35519015952343	4.66717456550889	2.54145149919122	2.88330038368259	4.03915627587953	3.63947987097265	1.84751338917526	3.3395144274158
0.071709869910968	0.0960789264668886	-0.114418283050179	-0.446218592028251	0.48125642889766	0.238049547800997	0.142839472096859	-0.135035733015715	1.33425279946986	1.3433988440845	0.203583979591488	-0.395410010949712	0.877210507435674	-0.0337583608770544	-0.303047751332528	0.120444112922715	0.211648940447364	-0.194567221405451	-0.315624075337616	1.22128780084923	1.07418712863433	0.624578982736125	-0.425819231857352	1.62494299475287	-0.110716919815515
0.0962734508044431	0.118742557407655	-0.124108055242853	-0.446218592028251	0.511242369770843	0.217651832103649	0.143808497076165	-0.153873228452573	1.33117973496309	1.30006194300491	0.170141000116826	-0.41202310735152	0.889642554889258	-0.0350119420918487	-0.318997652080497	0.108010086462237	0.188440325321419	-0.216680883367875	-0.342031228926238	1.207921181621	1.0963764189574	0.628577557038426	-0.425819231857352	1.63387830255684	-0.0855788045469847
0.291923761104609	0.120761347857572	-0.0801058705615498	-0.342746928763243	1.21503440213907	0.632812102211417	1.06260417912031	-0.0528692456908207	2.24583768351282	1.74795914239018	0.427252938019385	-0.377122726538316	1.25580262996725	0.382784660464749	-0.206505644328067	0.227893559790859	0.33805164888903	-0.319369612479342	-0.367487996524548	1.91140912726179	1.61849476612838	0.928101581706197	-0.384573584931505	2.04911210509343	0.266254442929373
0.0411307181865075	-0.0873344126680464	-0.0209915512189809	-0.390066286963803	0.708117224708284	0.333071496630894	0.958554128371564	-0.13598191247795	1.56459884969119	1.39905686629171	0.299598300214459	-0.41202310735152	0.939344975550704	0.472892451035499	-0.185952168734505	0.12668271855732	0.268220204464417	-0.319369612479342	-0.367487996524548	1.52402949779424	1.19228964917374	0.546882779748325	-0.357811142269697	1.83621539960941	0.390954365582045
0.00461829821665748	-0.134197397116434	-0.0619070219489855	-0.388300491207067	0.708117224708284	0.284928828963955	0.997786737936535	-0.123495936662474	1.5497533482337	1.27732420420987	0.371573738888698	-0.41202310735152	0.924415078483674	0.431516424752672	-0.182575526315426	0.12668271855732	0.318417896796261	-0.318684942592569	-0.367487996524548	1.5182718923503	1.13176218575587	0.57454686485325	-0.425819231857352	1.87224343299725	0.38740378163546
-0.241138374657498	-0.327724166227948	0.298964591219742	-0.446218592028251	-0.575121789005379	-0.280687546768812	0.413384324673644	-0.225122530921832	-0.721427332332209	-0.275270999600226	-0.585722590791313	0.117641495578337	-0.0011281011117457	-0.283015721457454	-0.10394799570194	-0.515786099705695	0.00564765996377527	-0.115787300665089	0.280811018312834	-0.766996808685869	-0.728567204599163	-0.370066374546826	0.188598680969199	-0.82333134386899	-0.258829394552232
0.713872056129774	0.438740380496679	-0.0726869705635693	0.0954859980055542	0.226268583195623	0.232213952636311	-0.200987443118419	0.61367607542189	0.0308370378845453	-0.0865519971703433	0.628240146120214	0.280615219556547	0.434594034366365	0.0368527894288712	0.0416585424712094	0.62313589631068	-0.0625931189822378	0.186725919701191	0.420983778277463	-0.766996808685869	0.625883141010557	0.546882779748325	0.0982431055536872	-0.0700161627553257	-0.46312246315465
0.133287065849605	0.768424433786861	0.892563788553647	1.59116592800828	-0.368793670789309	-0.407341532222424	0.128158743662939	-0.100436251600089	0.373083440545254	0.648764900245856	1.64796884512386	2.06098838379184	-0.709176571265627	-0.602884232342948	-0.366039764413316	-0.515786099705695	-0.494784718968583	-0.437817502990053	-0.297527671182386	0.632206292265776	0.584207745754651	2.42667443939607	2.16475842186826	-0.19308250422439	-0.46312246315465
-0.570452316307838	-0.509101272704514	0.298964591219742	-0.446218592028251	-0.575121789005379	-0.0546169920885363	-0.620558406488232	-0.249088205388549	-0.721427332332209	-0.787508291905721	-0.585722590791313	-0.41202310735152	-0.588290247093213	-0.602884232342948	-0.366039764413316	-0.515786099705695	-0.494784718968583	-0.437817502990053	-0.367487996524548	-0.766996808685869	-0.728567204599163	-0.642672879876873	-0.425819231857352	-0.82333134386899	-0.46312246315465
-0.570452316307838	-0.509101272704514	0.0727950552658923	-0.446218592028251	-0.575121789005379	-0.558509192279364	-0.525012543542707	-0.464779275591159	-0.669441583171116	-0.695021003017183	-0.585722590791313	-0.41202310735152	-0.709176571265627	-0.602884232342948	-0.366039764413316	-0.515786099705695	-0.494784718968583	-0.437817502990053	-0.367487996524548	-0.766996808685869	-0.728567204599163	-0.642672879876873	-0.425819231857352	-0.82333134386899	-0.46312246315465
-0.570452316307838	-0.509101272704514	-0.560479645405068	-0.446218592028251	-0.575121789005379	-0.506853911455749	-0.620558406488232	-0.414618561590527	-0.721427332332209	-0.787508291905721	-0.585722590791313	-0.41202310735152	-0.604465177791825	0.138721741940143	-0.0434652798459204	-0.515786099705695	-0.494784718968583	-0.380247857881689	-0.367487996524548	-0.766996808685869	-0.686891809349677	-0.642672879876873	-0.425819231857352	-0.82333134386899	-0.46312246315465
-0.0435500096664372	-0.411157635207071	-0.446249715220775	-0.167158651708253	-0.102506954116994	-0.0174880931263711	-0.620558406488232	-0.137974623769349	-0.603015348132016	-0.430771606193263	-0.442903445272267	0.0928908131977725	-0.437182341876951	-0.511493229232807	-0.230140328785385	0.0564259176150922	-0.246744322454804	0.0263701760364574	-0.153763046578479	-0.635556517384303	-0.728567204599163	-0.642672879876873	-0.208525091955692	-0.709458118816754	-0.194053543531863
0.0411307181865075	-0.283424688608806	0.977730209921771	0.496432702435688	-0.575121789005379	-0.558509192279364	-0.620558406488232	-0.464779275591159	-0.0986110517980851	-0.153309739527647	0.979948976436973	1.67826041492527	-0.709176571265627	-0.602884232342948	-0.366039764413316	-0.515786099705695	-0.494784718968583	-0.437817502990053	-0.367487996524548	-0.766996808685869	-0.728567204599163	-0.642672879876873	-0.425819231857352	-0.82333134386899	-0.46312246315465
-0.264660799060665	-0.509101272704514	-0.560479645405068	-0.446218592028251	-0.0330047725159508	-0.558509192279364	-0.0844399532934712	-0.334844895950863	0.52623064753761	0.774499253769	-0.0591845362283741	-0.41202310735152	0.0126204128719619	0.189171127945773	-0.366039764413316	-0.197377799745476	-0.17784421231193	-0.220870840371618	-0.367487996524548	0.349664073166049	0.609948431060009	0.558376071139938	-0.425819231857352	1.17446051644645	0.137249003757919
-0.107632722636233	-0.152942590895985	-0.120276499816575	-0.105145331637142	0.282179539396422	-0.339798535174897	0.725971662000531	-0.29627062699537	0.536457352284876	1.13622731697508	0.0764389020682619	-0.41202310735152	0.959794822665707	-0.165169427972624	-0.182575526315426	0.718046062641265	0.184373509582339	-0.437817502990053	-0.367487996524548	1.20460756083368	0.0841030027650436	-0.22727249080293	-0.425819231857352	1.76484438552916	0.372621908397355
-0.227965816991142	0.0203237948496846	-0.560479645405068	-0.446218592028251	0.214820149307446	0.142359049804587	0.256726335102581	-0.249088205388549	1.88846946228613	1.02860574444776	0.772269623377447	-0.41202310735152	2.07876427996514	0.822815416180242	-0.167700047550931	0.142257720213013	-0.0420125666019356	-0.437817502990053	-0.367487996524548	0.681528850554913	1.16136351020226	0.266015471226193	-0.425819231857352	1.34244980183647	-0.46312246315465
-0.570452316307838	-0.358418753477829	-0.509782092121022	-0.400854168232383	-0.575121789005379	-0.22476241033487	-0.507691363710946	-0.464779275591159	-0.721427332332209	-0.787508291905721	-0.585722590791313	-0.41202310735152	-0.709176571265627	-0.602884232342948	-0.243046979096389	-0.515786099705695	-0.494784718968583	-0.437817502990053	-0.367487996524548	-0.766996808685869	-0.728567204599163	-0.642672879876873	-0.425819231857352	-0.82333134386899	2.84835052319606
-0.570452316307838	-0.509101272704514	-0.560479645405068	-0.446218592028251	-0.575121789005379	-0.558509192279364	-0.620558406488232	-0.464779275591159	0.237709739690316	-0.787508291905721	-0.585722590791313	-0.41202310735152	-0.709176571265627	-0.602884232342948	-0.366039764413316	-0.515786099705695	-0.494784718968583	-0.437817502990053	-0.367487996524548	-0.766996808685869	-0.728567204599163	-0.642672879876873	-0.425819231857352	-0.82333134386899	-0.46312246315465
-0.570452316307838	-0.307155628380191	-0.374414398301016	0.321196243852206	-0.0165769841374553	-0.558509192279364	0.130007427984047	-0.381821171667053	-0.443416586818212	0.299689226453647	-0.214101344798479	0.0618873268488784	-0.617392510320098	-0.505042099601013	-0.366039764413316	-0.393926133054594	-0.174283083023706	-0.437817502990053	-0.0537949248294797	-0.766996808685869	-0.728567204599163	-0.473286313457813	-0.314455985157573	-0.82333134386899	-0.371190582283636
-0.0353171611254998	-0.509101272704514	-0.295063042917848	0.406464558950444	-0.370322027220812	-0.30779209755048	0.00203076496365498	-0.225122530921832	-0.721427332332209	-0.787508291905721	-0.358104577620857	-0.41202310735152	-0.709176571265627	-0.602884232342948	-0.366039764413316	-0.175418606644362	-0.494784718968583	-0.437817502990053	-0.367487996524548	-0.766996808685869	-0.728567204599163	-0.642672879876873	-0.260836644154141	-0.82333134386899	-0.205068060710032
-0.496957359372963	-0.42562658165553	-0.504428934320877	-0.446218592028251	-0.420491096382952	-0.558509192279364	-0.43732804906692	-0.365534918135971	-0.546242478994587	-0.47597216091296	-0.486959520669883	-0.41202310735152	-0.518548136993628	-0.572082079442863	-0.366039764413316	-0.450847564845339	-0.465618414674965	-0.36368105353391	-0.367487996524548	-0.364041171120216	-0.347169634356345	-0.531191625300614	-0.425819231857352	-0.156785450632908	-0.46312246315465
-0.570452316307838	-0.509101272704514	-0.560479645405068	-0.446218592028251	-0.575121789005379	-0.558509192279364	-0.620558406488232	-0.464779275591159	-0.721427332332209	-0.787508291905721	-0.585722590791313	-0.41202310735152	-0.0719329481270595	-0.602884232342948	-0.366039764413316	-0.515786099705695	-0.494784718968583	-0.437817502990053	-0.367487996524548	-0.766996808685869	-0.728567204599163	-0.642672879876873	-0.425819231857352	-0.82333134386899	-0.46312246315465
-0.570452316307838	-0.38667172583271	-0.560479645405068	-0.394482760395839	-0.575121789005379	-0.558509192279364	-0.620558406488232	-0.464779275591159	1.39192553822416	1.70050141357488	1.24832183187653	2.72583840394454	-0.709176571265627	-0.602884232342948	-0.366039764413316	-0.515786099705695	-0.494784718968583	-0.437817502990053	-0.367487996524548	-0.766996808685869	-0.728567204599163	-0.642672879876873	-0.425819231857352	-0.82333134386899	-0.46312246315465
-0.0667956996653352	-0.1323949746378	0.133686853407452	0.653360874311802	0.288877206024129	-0.130200822116492	0.121759451781066	0.230998370224164	-0.188573403431019	-0.470409015717017	-0.238876094531917	0.370959349152742	-0.496762030219686	0.411332997293375	0.487282273248044	0.894307800117991	0.863531738131359	-0.192461158361754	1.06258335972966	-0.639796526781102	-0.367380445770988	-0.642672879876873	-0.425819231857352	-0.82333134386899	-0.0655791945228973
0.187261177755317	0.00980541602335855	0.00886827160149416	-0.371348851942351	0.346477139026096	0.257905318355552	-0.0384869430197172	-0.163347655742858	1.0246032538815	1.23685348728499	0.119158998381806	-0.41202310735152	0.853330391680896	0.146002233901323	-0.30138276420264	0.339152721447645	0.0824997752996054	-0.207795929901088	-0.367487996524548	1.25045882523817	1.1393613317333	0.486977099047398	-0.425819231857352	1.36295053785409	-0.0907401608923493
0.350210316260244	-0.0427029989076305	-0.164998333332888	-0.34825074063959	0.0648774665716247	-0.0290979879587789	-0.0529035736938929	-0.161599056430829	0.714713738074038	1.13187497397017	-0.146940878655652	-0.41202310735152	0.802926941262787	0.0368527894288712	-0.325042169307649	0.132287359305168	-0.0128014599974518	-0.268883626360057	-0.367487996524548	0.803741942132097	0.691953889570146	0.271570771188248	-0.425819231857352	1.34244980183647	-0.144896721678287
0.15165777261299	-0.139502640638727	-0.0937125168936522	-0.332527505231522	0.0865389798379912	-0.0421922529051827	-0.0529035736938929	-0.137974623769349	0.703796429307303	1.00016547989865	-0.0494936517888156	-0.41202310735152	0.717983626386094	-0.0164586290524602	-0.321292389267487	0.0840881007725486	0.0281671170154176	-0.262164665357786	-0.367487996524548	0.698620598747731	0.795189434208725	0.225720693663038	-0.425819231857352	1.36168768952576	-0.15984203141494
-0.384318349287746	-0.371152487496392	-0.140751064727646	-0.0703419377194184	-0.149768437606662	-0.0268160431124411	-0.256402476016647	0.209255318791997	-0.321786885656157	-0.446016763701835	-0.473664491999816	-0.41202310735152	-0.487250931366339	-0.365267624256581	-0.187050263830295	-0.515786099705695	-0.494784718968583	0.450541675837184	-0.367487996524548	-0.620952040573456	-0.590826491486366	-0.642672879876873	-0.038468808553463	-0.446673753311668	-0.46312246315465
-0.438726739647702	-0.509101272704514	-0.379996355713867	0.160966772624975	-0.311807809568078	-0.360828406050188	0.0374051497046364	0.209255318791997	-0.576103533540743	-0.199941986026378	-0.230416423890929	-0.271330947198361	-0.469353702342766	0.864747758777751	-0.230140328785385	-0.163262624749279	-0.494784718968583	-0.0172066264841042	0.0955827283586018	-0.469396149135778	-0.728567204599163	-0.439802922421853	0.0691285312531729	-0.674951080922359	-0.46312246315465
-0.570452316307838	-0.270742862866002	-0.359304004029284	-0.222970639772252	-0.575121789005379	-0.558509192279364	-0.48511795515491	-0.418394099203471	-0.721427332332209	-0.787508291905721	-0.585722590791313	-0.393185663314232	-0.709176571265627	-0.602884232342948	-0.366039764413316	-0.515786099705695	-0.494784718968583	-0.404894287416932	-0.367487996524548	0.534887981343206	0.227515392303728	0.288651835838831	0.177049472081027	0.649057419216809	2.78348089733199
-0.570452316307838	-0.509101272704514	-0.560479645405068	-0.446218592028251	-0.575121789005379	-0.558509192279364	-0.620558406488232	-0.232853393652718	-0.721427332332209	-0.787508291905721	-0.585722590791313	-0.41202310735152	4.33566877857734	4.30690471787916	5.81932597717163	-0.515786099705695	-0.494784718968583	-0.437817502990053	-0.367487996524548	-0.766996808685869	-0.728567204599163	-0.642672879876873	-0.425819231857352	-0.82333134386899	-0.46312246315465
-0.570452316307838	-0.228645923042037	-0.394898645688469	-0.135104469373738	-0.575121789005379	-0.558509192279364	-0.620558406488232	-0.464779275591159	-0.721427332332209	-0.787508291905721	-0.585722590791313	-0.41202310735152	-0.709176571265627	-0.602884232342948	-0.366039764413316	-0.515786099705695	-0.494784718968583	-0.437817502990053	-0.367487996524548	-0.741139702200368	-0.666054111724975	-0.574874370779233	-0.250559040330196	0.0669502338107951	-0.439994945954397
-0.570452316307838	-0.509101272704514	-0.00592205138164789	-0.417619281374326	-0.543986690085382	0.123287805121751	-0.520036196513973	-0.464779275591159	-0.574770287680535	-0.732925629610859	-0.585722590791313	-0.366775377453023	-0.6799068510427	-0.571735987837212	-0.340734352261875	-0.311846899317702	-0.434029350280322	-0.213796492676855	-0.367487996524548	-0.699783023361317	-0.728567204599163	-0.620644071365376	-0.425819231857352	-0.82333134386899	-0.46312246315465
-0.570452316307838	-0.00938883649272788	-0.388043381368682	-0.446218592028251	-0.371827907822074	-0.498042128256382	-0.535159006864394	-0.411653396230956	-0.721427332332209	-0.745362185576805	-0.520688872742622	-0.281526031267326	-0.627027301247823	-0.602884232342948	-0.174598820311457	-0.420417430152329	-0.494784718968583	-0.280889079522453	-0.367487996524548	-0.661844575645089	-0.652616717929639	-0.598391620127827	-0.425819231857352	-0.82333134386899	-0.46312246315465
0.071709869910968	0.784493939524763	-0.232328209603212	0.844759636557589	0.0951319768359452	0.189083599277331	0.585708113199015	0.696634179342652	0.170793199782214	0.286537643575584	-0.130486564450401	-0.0147746551545774	-0.158472205590221	0.0624422702995444	0.0926208308314082	-0.515786099705695	0.0537661579376382	-0.437817502990053	0.893093421217777	0.810286686929768	-0.0651629536898057	0.0842778010029628	0.0271838055653118	-0.460624034443403	0.0717539346405452
0.472653772985766	0.0460448507625827	-0.343029898788881	-0.362118336041357	0.747352009070991	0.0250375827895936	0.411966021889294	0.0612965053910532	1.31657972641679	1.47867239918566	0.475299958793695	-0.41202310735152	0.617167746068202	0.239301214041533	-0.326156234392004	0.251363431287372	0.342726464425443	-0.378593557734903	-0.367487996524548	1.37457345475832	1.1235648959038	1.10962745132401	-0.425819231857352	1.69232669214658	0.00235541467322591
0.411447051002897	0.0715922302446861	-0.342153085294715	-0.36508222171491	0.576876871033965	-0.0625731847226252	0.309574813511817	-0.00390092045783794	1.40998838327127	1.53157596679236	0.422800298336531	-0.41202310735152	0.636435905948918	0.223266226236548	-0.326371821040766	0.243495230969585	0.24804459350869	-0.377904907208686	-0.367487996524548	1.34484720217834	1.08973599908884	0.957253509482727	-0.425819231857352	1.74904906721847	-0.0247717729089177
0.480358533866055	0.0371979005882063	-0.370096428431246	-0.363995573898183	0.60317821030852	0.0150196124016981	0.384663693254357	0.0601326209198177	1.43506386228191	1.50653049086218	0.43400610821233	-0.41202310735152	0.736422388628504	0.234355494140047	-0.324811845739632	0.37205080018428	0.24419573696749	-0.309005422060067	-0.367487996524548	1.35765447536209	0.959588298620895	0.968407007481834	-0.357288003119006	1.68971215715266	-0.0516790802350994
0.107738771448175	0.5889215691913	1.93773538139323	0.767367660058262	-0.470394638093047	-0.247012195797836	-0.273847071488062	-0.350657016224813	-0.358633167973694	0.103865263998794	1.28443622012448	1.47152907755258	-0.709176571265627	-0.602884232342948	-0.366039764413316	-0.515786099705695	-0.494784718968583	-0.437817502990053	-0.367487996524548	0.832346595957758	0.788417182483399	1.30170123042848	2.00392433249903	0.181088897615896	-0.46312246315465
-0.570452316307838	-0.509101272704514	-0.560479645405068	-0.446218592028251	-0.575121789005379	-0.558509192279364	-0.620558406488232	-0.464779275591159	-0.721427332332209	-0.787508291905721	6.69805383066328	-0.41202310735152	-0.709176571265627	0.342181822543932	-0.182575526315426	-0.515786099705695	-0.494784718968583	-0.437817502990053	-0.367487996524548	-0.766996808685869	-0.728567204599163	-0.642672879876873	-0.425819231857352	-0.584475310832604	-0.46312246315465
-0.570452316307838	-0.473869748424842	-0.523646320978304	-0.446218592028251	0.103111188334045	0.464980939018112	-0.0917840416942586	-0.307340538216833	-0.721427332332209	-0.787508291905721	-0.585722590791313	-0.41202310735152	-0.709176571265627	-0.602884232342948	-0.366039764413316	2.44947308881791	1.52328544586589	2.86505636701142	2.57247265215174	-0.766996808685869	-0.728567204599163	-0.642672879876873	-0.425819231857352	-0.82333134386899	-0.46312246315465
-0.570452316307838	-0.509101272704514	-0.560479645405068	-0.446218592028251	-0.575121789005379	-0.558509192279364	-0.620558406488232	-0.464779275591159	-0.721427332332209	-0.787508291905721	-0.585722590791313	-0.41202310735152	-0.709176571265627	-0.602884232342948	-0.366039764413316	-0.515786099705695	-0.494784718968583	-0.437817502990053	-0.367487996524548	-0.348248977991794	-0.728567204599163	-0.642672879876873	-0.425819231857352	-0.82333134386899	-0.46312246315465
-0.570452316307838	0.0670377713984404	-0.213396395999259	-0.446218592028251	-0.575121789005379	-0.558509192279364	1.30946802501136	-0.464779275591159	-0.721427332332209	-0.787508291905721	-0.585722590791313	-0.41202310735152	-0.709176571265627	-0.602884232342948	-0.366039764413316	-0.515786099705695	-0.494784718968583	-0.198167119864379	-0.367487996524548	-0.766996808685869	-0.728567204599163	-0.642672879876873	-0.155847724706643	-0.423613084502276	-0.46312246315465
-0.570452316307838	-0.509101272704514	-0.560479645405068	-0.446218592028251	-0.575121789005379	-0.558509192279364	-0.620558406488232	-0.464779275591159	-0.721427332332209	-0.787508291905721	-0.513605992559089	-0.41202310735152	-0.709176571265627	-0.602884232342948	-0.366039764413316	-0.515786099705695	-0.494784718968583	-0.437817502990053	-0.367487996524548	-0.766996808685869	-0.728567204599163	-0.379655548101535	-0.425819231857352	-0.290373664713045	-0.46312246315465
-0.257679257571102	0.0148770348946716	-0.206182194510148	-0.31029271703808	0.388795457152812	-0.043312489268081	0.215279811877286	-0.219675786724263	1.25326663948038	1.29468341546128	-0.0666488688025361	-0.39117982436591	0.828997691481357	0.137464249826387	-0.330154338868513	0.285235827681534	-0.0275505568211827	-0.106371212877382	-0.367487996524548	0.857672886368966	0.830218322460545	0.157290314803799	-0.376047948416119	1.27878595458586	-0.127928473919869
-0.289725677523675	0.0104425804256224	-0.197218786916743	-0.3151299367892	0.461395342767697	-0.0493879220860915	0.203824742644839	-0.221518670099964	1.2369035803814	1.31536059229375	-0.0156879143297757	-0.39187926339227	0.836102422485315	0.128779810152105	-0.348731817422932	0.283862086523759	0.00926524342590937	-0.0914320752786654	-0.367487996524548	0.861895144862731	0.852569391318101	0.138527851815464	-0.352794152054178	1.26157381067562	-0.104823850529515
-0.295520493462031	0.0711752151619164	-0.102221292673503	-0.336151125527054	0.43133528442962	-0.118624920220476	0.158376027748909	-0.232019127891036	1.23314603132234	1.23399959379643	0.139501901388152	-0.375270869597236	0.812599245188123	0.106281613497273	-0.366039764413316	0.190889134155864	0.0312016537815654	-0.0707194606451716	-0.367487996524548	0.677843034624359	1.04767522155328	0.126558234600789	-0.358155487027114	1.342883739151	-0.0626271405479145
-0.337995416318859	-0.110392659882768	-0.16308524608505	-0.411069820919207	0.107544083610767	-0.325768040190658	-0.150775096589269	-0.245184294615934	0.566302995846892	0.533876681459456	-0.0144460087165856	-0.378172362051517	0.434594034366365	-0.181559629898986	-0.366039764413316	-0.0313366617292408	-0.0726052795996821	-0.295352528689883	-0.367487996524548	0.213398782737558	0.422989769396266	-0.14330067691087	-0.361878611742673	0.856856927734438	-0.182280440446059
-0.404518934856296	-0.127727816962698	-0.260262823022015	-0.446218592028251	0.0255129502410834	-0.363083319961927	-0.229864796873066	-0.273053879855266	0.382071584256011	0.388641750683776	-0.129468139335419	-0.37691863074413	0.293061051982449	-0.206856552199003	-0.366039764413316	-0.139949449051	-0.115179169170535	-0.316296671923912	-0.367487996524548	0.0128168598552442	0.280961003302848	-0.213167214433516	-0.384188111595768	0.694978323494161	-0.238687824408383
4.06738569527528	1.66742400501428	0.943547768691283	0.196268247314105	-0.257329055201327	-0.147333156923336	-0.344840344845708	0.169606225005133	-0.721427332332209	-0.787508291905721	-0.585722590791313	-0.41202310735152	-0.709176571265627	-0.602884232342948	-0.366039764413316	-0.515786099705695	-0.494784718968583	-0.437817502990053	-0.367487996524548	-0.766996808685869	-0.728567204599163	-0.642672879876873	-0.425819231857352	-0.82333134386899	-0.46312246315465
-0.570452316307838	-0.509101272704514	-0.340378072611273	0.390961228932666	-0.575121789005379	-0.558509192279364	-0.620558406488232	-0.464779275591159	-0.5438093560316	-0.668596063335123	-0.585722590791313	-0.41202310735152	-0.709176571265627	-0.500210389342943	-0.29265406917416	-0.515786099705695	-0.494784718968583	-0.437817502990053	-0.367487996524548	-0.766996808685869	-0.728567204599163	-0.642672879876873	-0.425819231857352	-0.82333134386899	-0.46312246315465
-0.570452316307838	-0.493725505436429	-0.526807389865684	-0.400854168232383	-0.390061763296621	-0.503440973258497	-0.398290487314013	0.17994946686281	-0.721427332332209	-0.787508291905721	-0.585722590791313	-0.41202310735152	-0.709176571265627	-0.602884232342948	-0.366039764413316	-0.515786099705695	-0.494784718968583	-0.437817502990053	-0.367487996524548	-0.766996808685869	-0.728567204599163	-0.642672879876873	-0.425819231857352	-0.82333134386899	-0.46312246315465
-0.570452316307838	-0.273092507650127	-0.500318548841304	-0.0458282428727498	-0.575121789005379	-0.558509192279364	-0.620558406488232	-0.464779275591159	-0.721427332332209	-0.787508291905721	-0.585722590791313	-0.41202310735152	-0.64033852555622	-0.602884232342948	-0.366039764413316	-0.515786099705695	-0.494784718968583	-0.437817502990053	-0.367487996524548	0.192162073786084	0.558160623724789	0.371676907393868	0.45048172578021	0.143092737167758	2.54311714489322
-0.275205334138184	-0.348537932544289	-0.560479645405068	-0.446218592028251	-0.144468084317929	-0.332588293732322	0.213403631813872	-0.31499381017256	0.686111347787761	0.996175136656571	0.493355397571252	-0.41202310735152	0.363108371517153	-0.105310993186904	-0.366039764413316	-0.175418606644362	-0.295311672821039	0.00636208642408084	-0.273075518635633	0.917081923614705	0.920328868316665	0.467579069106063	-0.425819231857352	1.37866687785089	-0.344500681385338
-0.570452316307838	-0.509101272704514	-0.443282704047263	-0.446218592028251	-0.453858772159521	-0.558509192279364	-0.112656713988034	-0.368488619250723	0.321112963345283	0.51182532760376	-0.34820814226543	-0.41202310735152	-0.47440260484635	-0.174194475485483	-0.366039764413316	-0.272066166402506	-0.494784718968583	-0.317992311427731	-0.367487996524548	0.513703465530675	-0.00847967908664684	-0.256681367905294	-0.425819231857352	0.703549426453108	-0.405665037610266
0.133287065849605	0.43266447246276	0.7410825398701	0.0800087240046673	-0.575121789005379	0.695076281365057	1.15709751726343	0.633647470812618	-0.437238570251745	0.0717284564806548	0.534858397123658	-0.41202310735152	-0.165188112489019	0.538607316310181	0.899230843155047	-0.154664491213492	0.573554067517508	1.13823619309872	0.929110033146326	-0.0427339790662667	-0.728567204599163	0.275580611763477	0.687813235140439	-0.159392540174844	0.30653979530258
-0.570452316307838	-0.509101272704514	-0.323001632653345	-0.446218592028251	-0.575121789005379	0.189083599277331	-0.620558406488232	-0.464779275591159	-0.585379520697686	-0.787508291905721	-0.585722590791313	-0.106792658206096	-0.589265136803825	-0.602884232342948	-0.224913427414713	-0.515786099705695	-0.346218856473128	-0.437817502990053	-0.367487996524548	-0.766996808685869	-0.562716141871824	-0.642672879876873	-0.288756774380838	-0.82333134386899	-0.46312246315465
-0.570452316307838	-0.28900321091211	-0.560479645405068	-0.446218592028251	-0.459921923001445	-0.558509192279364	-0.244579231521154	-0.0885739205869578	-0.721427332332209	-0.430771606193263	-0.585722590791313	-0.41202310735152	-0.709176571265627	-0.400040786415683	-0.262679630273319	-0.515786099705695	-0.366295324378048	-0.437817502990053	-0.367487996524548	-0.766996808685869	-0.629461081750028	-0.642672879876873	-0.425819231857352	-0.460624034443403	-0.46312246315465
-0.570452316307838	-0.509101272704514	-0.560479645405068	-0.446218592028251	-0.575121789005379	-0.558509192279364	-0.620558406488232	-0.464779275591159	-0.721427332332209	-0.787508291905721	-0.585722590791313	0.121564937081568	-0.709176571265627	-0.602884232342948	-0.29265406917416	-0.515786099705695	-0.494784718968583	-0.437817502990053	-0.367487996524548	-0.766996808685869	-0.728567204599163	-0.642672879876873	-0.344084738866649	-0.82333134386899	-0.46312246315465
-0.570452316307838	-0.49188797964695	-0.039083475185842	-0.373706953992287	-0.575121789005379	-0.0819806744830514	-0.470943954433925	-0.449611127194352	-0.682674319321173	-0.787508291905721	-0.57401233930988	-0.41202310735152	-0.709176571265627	-0.602884232342948	-0.330758180163739	-0.275038360711551	-0.41968033350483	-0.130512339738098	-0.367487996524548	-0.766996808685869	-0.728567204599163	-0.642672879876873	-0.425819231857352	-0.82333134386899	-0.46312246315465
3.36351422989353	4.66183611070083	3.62145023768066	4.88529500461657	3.55364140857563	5.09516129386602	3.50409485438064	4.58183871312679	2.53382576059331	2.70851122807823	2.94799072258412	4.05726361518249	3.00807789704206	3.16650152903136	3.43336147846569	3.90185073330837	3.8330925443463	3.65270354027765	3.99860740952352	3.00721727010531	3.7331515809287	3.56137925051096	3.78699196112419	1.68465700301086	3.16576757123061
-0.253335187311214	-0.509101272704514	-0.560479645405068	-0.0920271293144067	0.0831631595887951	-0.558509192279364	-0.620558406488232	-0.464779275591159	-0.401714974991368	-0.787508291905721	-0.354491593285049	-0.00273682327001255	-0.363385457934506	-0.384026830157786	-0.366039764413316	-0.515786099705695	-0.494784718968583	-0.437817502990053	-0.367487996524548	-0.351922204576241	-0.466415524804494	-0.642672879876873	-0.425819231857352	-0.82333134386899	-0.136253553391369
-0.570452316307838	-0.436009005915418	2.63557860954629	0.199270522263748	-0.575121789005379	2.01134102869581	0.887274743120827	-0.464779275591159	1.14591917956949	0.472318562141292	-0.0369449152024477	-0.237746367032565	-0.564817174437812	-0.270220981021702	-0.366039764413316	1.47493470004829	-0.114456110980219	2.83202762831275	-0.367487996524548	-0.766996808685869	-0.728567204599163	-0.602657246066982	-0.425819231857352	-0.82333134386899	-0.46312246315465
-0.413348417538806	0.0377921346418459	0.0361593287803703	-0.297686688309067	-0.263770799805407	-0.0622622530562172	-0.193020905839148	0.17994946686281	-0.664841074395802	-0.570364222341326	-0.301939093851807	-0.154757443071715	-0.350886983959139	0.0368527894288712	-0.0570473634063052	-0.0429402410813792	-0.105559535354949	0.128389446153204	0.159743129999765	-0.454043734159269	-0.372132903123691	-0.480124901543174	0.316602412807545	-0.692756712475661	-0.209517274544878
-0.411893751809526	-0.0169221898028569	0.0264578820459558	-0.298874943539145	-0.320887601961769	0.00474565067363418	-0.322714821379924	0.121337763003359	-0.664841074395802	-0.639528629684326	-0.301939093851807	-0.160506396462784	-0.34651759874764	-0.076518328353687	-0.0570473634063052	-0.0566857602275267	-0.157214948564535	0.131517661341061	0.0425806574386982	-0.582158899043411	-0.443419763419111	-0.481128284125895	0.126680596730975	-0.694474799730921	-0.211684840259819
-0.570452316307838	-0.509101272704514	-0.560479645405068	-0.446218592028251	-0.575121789005379	-0.558509192279364	-0.620558406488232	-0.464779275591159	-0.721427332332209	-0.787508291905721	-0.585722590791313	-0.41202310735152	-0.709176571265627	-0.602884232342948	-0.366039764413316	-0.515786099705695	-0.494784718968583	-0.437817502990053	-0.367487996524548	-0.766996808685869	-0.728567204599163	-0.642672879876873	-0.425819231857352	0.599314555602718	-0.46312246315465
-0.48032429017164	-0.196515195585222	-0.267487292010554	0.0979482915962067	-0.370322027220812	-0.419329683213259	0.172896904239165	0.000436758179599099	-0.721427332332209	-0.787508291905721	-0.585722590791313	-0.41202310735152	2.17085842219511	2.41912931526799	3.08326389670513	-0.515786099705695	-0.472412447910449	-0.411189682642721	-0.367487996524548	0.421680608298571	0.471196611289022	0.354288053904079	0.344099510758228	0.904862306924926	3.48964896192108
-0.298637634310732	-0.0832593705413757	-0.0977019795297537	-0.2846575739483	-0.575121789005379	0.469430896110706	-0.427555763338273	-0.464779275591159	-0.721427332332209	-0.67834296731573	-0.455655154694222	-0.41202310735152	-0.452814194140882	-0.602884232342948	-0.227576188490394	-0.359108999725285	-0.0930291471495135	-0.437817502990053	0.259898146866561	-0.654333701856293	-0.728567204599163	-0.370066374546826	-0.167585616321426	-0.82333134386899	-0.128824714533113
-0.570452316307838	-0.0757223457248663	-0.32195547400677	-0.192760481095307	-0.458953856900633	-0.322201125983068	-0.324282419196289	-0.00446296723158852	-0.721427332332209	-0.787508291905721	-0.585722590791313	-0.41202310735152	1.79092377910278	2.54118917953631	2.54169532996584	-0.515786099705695	-0.494784718968583	-0.437817502990053	-0.367487996524548	0.256431413656904	0.724989263858067	-0.0567723311076205	0.389798912985674	0.553822971605805	3.45224972933437
-0.213695546185994	-0.509101272704514	0.389432405603629	-0.446218592028251	0.226268583195623	-0.558509192279364	-0.263146104359035	0.0612965053910532	-0.721427332332209	-0.787508291905721	0.142655051354147	-0.121561873487195	-0.0333121224823429	-0.602884232342948	-0.366039764413316	-0.515786099705695	-0.17784421231193	-0.0697829860470901	-0.111580490667661	0.893301607747908	-0.0513420317959285	-0.642672879876873	0.019633754941764	-0.307905167315732	0.0622025703942155
-0.414776634800405	-0.509101272704514	-0.560479645405068	0.452218289003291	-0.575121789005379	-0.438981275025159	-0.620558406488232	-0.464779275591159	-0.632618344181905	-0.787508291905721	-0.585722590791313	-0.41202310735152	-0.601430064937782	-0.602884232342948	-0.282646928914542	-0.515786099705695	-0.494784718968583	-0.437817502990053	-0.244393246871954	-0.689678990273317	-0.620211176950873	-0.642672879876873	-0.425819231857352	-0.82333134386899	-0.46312246315465
-0.570452316307838	-0.388183201720464	0.02988625545433	-0.446218592028251	-0.5404752127636	-0.485084900251472	-0.620558406488232	-0.464779275591159	-0.684251476827474	-0.741898122042937	-0.585722590791313	-0.380317831824078	-0.709176571265627	-0.602884232342948	-0.313621410671041	-0.353972045626919	-0.494784718968583	-0.231718173502076	-0.367487996524548	-0.766996808685869	-0.728567204599163	-0.642672879876873	-0.425819231857352	-0.82333134386899	-0.46312246315465
0.598829784883678	1.21437046008261	1.82948172493141	1.50429411583945	-0.132045381298152	-0.202683777067259	0.248410839921259	0.137886949975211	0.121770093620816	0.0580897779308227	1.10887029093129	2.29930833590027	-0.267522575030748	-0.317744302639141	-0.173642810602938	-0.378055997862244	-0.403359572817578	-0.357934041948161	-0.367487996524548	1.91140912726179	0.695700169133848	2.81724428481981	3.49251722609949	-0.0072398976600721	-0.46312246315465
-0.570452316307838	-0.509101272704514	-0.560479645405068	-0.446218592028251	-0.575121789005379	-0.558509192279364	-0.620558406488232	-0.464779275591159	-0.721427332332209	-0.787508291905721	-0.408069507341485	-0.41202310735152	-0.576417483112099	-0.602884232342948	-0.366039764413316	-0.515786099705695	-0.494784718968583	-0.437817502990053	-0.367487996524548	0.383105740197904	-0.285292546036499	-0.158039092623068	-0.282124719986353	0.0510523484938606	0.125241574419844
-0.170351265704365	-0.203027405525003	-0.436860953835629	-0.121958802219789	-0.458463696849508	-0.558509192279364	-0.325146197584839	-0.0191365685608306	-0.721427332332209	-0.787508291905721	-0.585722590791313	-0.41202310735152	0.0342743223959112	-0.132134348397835	-0.30222611637929	-0.136145434368548	-0.161163133014311	-0.171309749341985	-0.367487996524548	-0.382293517072125	0.471968329004835	0.741040140279657	0.425782066434919	-0.82333134386899	-0.46312246315465
-0.570452316307838	-0.509101272704514	-0.560479645405068	-0.446218592028251	-0.575121789005379	-0.558509192279364	-0.620558406488232	-0.464779275591159	-0.721427332332209	-0.787508291905721	-0.585722590791313	-0.41202310735152	-0.709176571265627	-0.602884232342948	-0.366039764413316	-0.24376011115686	-0.319356394251131	0.44431970493548	0.16019724811053	-0.766996808685869	-0.728567204599163	-0.642672879876873	-0.425819231857352	-0.82333134386899	-0.46312246315465
-0.570452316307838	-0.509101272704514	-0.331051734780293	-0.446218592028251	-0.418918580864201	-0.558509192279364	-0.252934324298201	-0.464779275591159	0.00369347813366518	-0.275270999600226	-0.365002093171698	-0.41202310735152	-0.151588401019473	-0.140851938840847	-0.366039764413316	-0.236427874268182	-0.317061070376334	-0.198167119864379	-0.367487996524548	-0.00379511725884598	-0.266071964635721	-0.642672879876873	-0.425819231857352	0.462012683907485	-0.382303227224169
-0.570452316307838	-0.509101272704514	-0.295063042917848	-0.446218592028251	-0.482961896202232	-0.558509192279364	-0.393496473370689	-0.464779275591159	-0.0898967499303254	-0.460012318136415	-0.491128091811478	-0.41202310735152	-0.278190545954246	-0.23049999578919	-0.366039764413316	-0.39686251779258	-0.39254584585384	-0.3057025481902	-0.367487996524548	0.0631523995349628	-0.245792823986433	-0.642672879876873	-0.425819231857352	0.264790584406303	-0.46312246315465
-0.570452316307838	-0.398054064657777	0.387057625473738	-0.408164963802747	-0.474947992480139	0.536836803544266	-0.403352859534988	-0.464779275591159	-0.528247660223181	-0.787508291905721	-0.555373522368561	-0.355153855247544	-0.672188964615795	-0.539236926605463	-0.333278293324376	-0.0784784978607529	-0.494784718968583	-0.219144474355529	-0.338970444552225	-0.766996808685869	-0.728567204599163	-0.642672879876873	-0.425819231857352	-0.82333134386899	-0.46312246315465
-0.570452316307838	-0.509101272704514	-0.560479645405068	-0.446218592028251	-0.575121789005379	-0.558509192279364	-0.620558406488232	-0.464779275591159	-0.721427332332209	-0.787508291905721	-0.543619836910067	-0.41202310735152	-0.709176571265627	-0.602884232342948	-0.310020149726934	-0.430694226440411	-0.420501787720855	-0.437817502990053	-0.367487996524548	-0.360480443836299	-0.728567204599163	-0.642672879876873	-0.425819231857352	-0.747999825757624	-0.46312246315465
0.827451762531977	-0.229262308426384	-0.334875533291067	-0.128667625456805	-0.39789122592212	-0.348725500771249	-0.620558406488232	-0.464779275591159	-0.521607108994183	-0.579411891906676	-0.050150795096165	-0.238863525624278	-0.20227823467835	-0.451673663560714	0.255872907105215	0.142257720213013	0.924351878000228	0.478179516956624	0.339747292388871	-0.490280405946643	-0.0513420317959285	-0.14419241298727	0.222112385305242	-0.266905357820349	0.0816590531182204
-0.570452316307838	-0.509101272704514	-0.560479645405068	-0.446218592028251	-0.575121789005379	-0.558509192279364	-0.620558406488232	-0.464779275591159	-0.721427332332209	-0.787508291905721	-0.585722590791313	-0.41202310735152	-0.709176571265627	-0.602884232342948	-0.366039764413316	-0.515786099705695	-0.494784718968583	-0.437817502990053	-0.367487996524548	-0.766996808685869	-0.728567204599163	-0.642672879876873	0.332398618013276	-0.82333134386899	-0.46312246315465
-0.570452316307838	-0.509101272704514	-0.560479645405068	-0.446218592028251	-0.575121789005379	-0.558509192279364	-0.620558406488232	-0.422320403503985	-0.721427332332209	-0.787508291905721	-0.585722590791313	-0.344321616751515	-0.322410210401118	-0.217063451171562	-0.182575526315426	-0.515786099705695	-0.494784718968583	-0.437817502990053	-0.367487996524548	-0.766996808685869	-0.728567204599163	-0.642672879876873	-0.425819231857352	-0.82333134386899	-0.430435572178322
